Domain, Vposmag, PriVposmag, PriIposmag, Iposmag,,Domain, Signal, Signal1, Signal2
1.94988,7.32479957,39.74466076,0.095580346,0.53021373,,1.95,0,0,0
1.95,7.324789557,39.74465702,0.095584048,0.530234173,,1.95012,0,0,0
1.95012,7.324789557,39.74465702,0.095584048,0.530234173,,1.95024,0,0,0
1.95024,7.324789557,39.74465702,0.095584048,0.530234173,,1.95036,0,0,0
1.95036,7.324789557,39.74465702,0.095584048,0.530234173,,1.95048,0,0,0
1.95048,7.324789557,39.74465702,0.095584048,0.530234173,,1.9506,0,0,0
1.9506,7.324789557,39.74465702,0.095584048,0.530234173,,1.95072,0,0,0
1.95072,7.324789557,39.74465702,0.095584048,0.530234173,,1.95084,0,0,0
1.95084,7.324789557,39.74465702,0.095584048,0.530234173,,1.95096,0,0,0
1.95096,7.324789557,39.74465702,0.095584048,0.530234173,,1.95108,0,0,0
1.95108,7.324846581,39.74465536,0.095585553,0.530242446,,1.9512,0,0,0
1.9512,7.324846581,39.74465536,0.095585553,0.530242446,,1.95132,0,0,0
1.95132,7.324846581,39.74465536,0.095585553,0.530242446,,1.95144,0,0,0
1.95144,7.324846581,39.74465536,0.095585553,0.530242446,,1.95156,0,0,0
1.95156,7.324846581,39.74465536,0.095585553,0.530242446,,1.95168,0,0,0
1.95168,7.324846581,39.74465536,0.095585553,0.530242446,,1.9518,0,0,0
1.9518,7.324846581,39.74465536,0.095585553,0.530242446,,1.95192,0,0,0
1.95192,7.324846581,39.74465536,0.095585553,0.530242446,,1.95204,0,0,0
1.95204,7.324846581,39.74465536,0.095585553,0.530242446,,1.95216,0,0,0
1.95216,7.324873887,39.74465756,0.095583581,0.53023157,,1.95228,0,0,0
1.95228,7.324873887,39.74465756,0.095583581,0.53023157,,1.9524,0,0,0
1.9524,7.324873887,39.74465756,0.095583581,0.53023157,,1.95252,0,0,0
1.95252,7.324873887,39.74465756,0.095583581,0.53023157,,1.95264,0,0,0
1.95264,7.324873887,39.74465756,0.095583581,0.53023157,,1.95276,0,0,0
1.95276,7.324873887,39.74465756,0.095583581,0.53023157,,1.95288,0,0,0
1.95288,7.324873887,39.74465756,0.095583581,0.53023157,,1.953,0,0,0
1.953,7.324873887,39.74465756,0.095583581,0.53023157,,1.95312,0,0,0
1.95312,7.324873887,39.74465756,0.095583581,0.53023157,,1.95324,0,0,0
1.95324,7.324859144,39.74465904,0.095582975,0.530228357,,1.95336,0,0,0
1.95336,7.324859144,39.74465904,0.095582975,0.530228357,,1.95348,0,0,0
1.95348,7.324859144,39.74465904,0.095582975,0.530228357,,1.9536,0,0,0
1.9536,7.324859144,39.74465904,0.095582975,0.530228357,,1.95372,0,0,0
1.95372,7.324859144,39.74465904,0.095582975,0.530228357,,1.95384,0,0,0
1.95384,7.324859144,39.74465904,0.095582975,0.530228357,,1.95396,0,0,0
1.95396,7.324859144,39.74465904,0.095582975,0.530228357,,1.95408,0,0,0
1.95408,7.324859144,39.74465904,0.095582975,0.530228357,,1.9542,0,0,0
1.9542,7.324815697,39.74465698,0.095585454,0.530242128,,1.95432,0,0,0
1.95432,7.324815697,39.74465698,0.095585454,0.530242128,,1.95444,0,0,0
1.95444,7.324815697,39.74465698,0.095585454,0.530242128,,1.95456,0,0,0
1.95456,7.324815697,39.74465698,0.095585454,0.530242128,,1.95468,0,0,0
1.95468,7.324815697,39.74465698,0.095585454,0.530242128,,1.9548,0,0,0
1.9548,7.324815697,39.74465698,0.095585454,0.530242128,,1.95492,0,0,0
1.95492,7.324815697,39.74465698,0.095585454,0.530242128,,1.95504,0,0,0
1.95504,7.324815697,39.74465698,0.095585454,0.530242128,,1.95516,0,0,0
1.95516,7.324815697,39.74465698,0.095585454,0.530242128,,1.95528,0,0,0
1.95528,7.324850576,39.74465482,0.095586316,0.530246653,,1.9554,0,0,0
1.9554,7.324850576,39.74465482,0.095586316,0.530246653,,1.95552,0,0,0
1.95552,7.324850576,39.74465482,0.095586316,0.530246653,,1.95564,0,0,0
1.95564,7.324850576,39.74465482,0.095586316,0.530246653,,1.95576,0,0,0
1.95576,7.324850576,39.74465482,0.095586316,0.530246653,,1.95588,0,0,0
1.95588,7.324850576,39.74465482,0.095586316,0.530246653,,1.956,0,0,0
1.956,7.324850576,39.74465482,0.095586316,0.530246653,,1.95612,0,0,0
1.95612,7.324850576,39.74465482,0.095586316,0.530246653,,1.95624,0,0,0
1.95624,7.324850576,39.74465482,0.095586316,0.530246653,,1.95636,0,0,0
1.95636,7.324872068,39.74465835,0.095582099,0.530223205,,1.95648,0,0,0
1.95648,7.324872068,39.74465835,0.095582099,0.530223205,,1.9566,0,0,0
1.9566,7.324872068,39.74465835,0.095582099,0.530223205,,1.95672,0,0,0
1.95672,7.324872068,39.74465835,0.095582099,0.530223205,,1.95684,0,0,0
1.95684,7.324872068,39.74465835,0.095582099,0.530223205,,1.95696,0,0,0
1.95696,7.324872068,39.74465835,0.095582099,0.530223205,,1.95708,0,0,0
1.95708,7.324872068,39.74465835,0.095582099,0.530223205,,1.9572,0,0,0
1.9572,7.324872068,39.74465835,0.095582099,0.530223205,,1.95732,0,0,0
1.95732,7.324799304,39.74465895,0.095581834,0.53022182,,1.95744,0,0,0
1.95744,7.324799304,39.74465895,0.095581834,0.53022182,,1.95756,0,0,0
1.95756,7.324799304,39.74465895,0.095581834,0.53022182,,1.95768,0,0,0
1.95768,7.324799304,39.74465895,0.095581834,0.53022182,,1.9578,0,0,0
1.9578,7.324799304,39.74465895,0.095581834,0.53022182,,1.95792,0,0,0
1.95792,7.324799304,39.74465895,0.095581834,0.53022182,,1.95804,0,0,0
1.95804,7.324799304,39.74465895,0.095581834,0.53022182,,1.95816,0,0,0
1.95816,7.324799304,39.74465895,0.095581834,0.53022182,,1.95828,0,0,0
1.95828,7.324799304,39.74465895,0.095581834,0.53022182,,1.9584,0,0,0
1.9584,7.324777826,39.74465507,0.095585682,0.530243098,,1.95852,0,0,0
1.95852,7.324777826,39.74465507,0.095585682,0.530243098,,1.95864,0,0,0
1.95864,7.324777826,39.74465507,0.095585682,0.530243098,,1.95876,0,0,0
1.95876,7.324777826,39.74465507,0.095585682,0.530243098,,1.95888,0,0,0
1.95888,7.324777826,39.74465507,0.095585682,0.530243098,,1.959,0,0,0
1.959,7.324777826,39.74465507,0.095585682,0.530243098,,1.95912,0,0,0
1.95912,7.324777826,39.74465507,0.095585682,0.530243098,,1.95924,0,0,0
1.95924,7.324777826,39.74465507,0.095585682,0.530243098,,1.95936,0,0,0
1.95936,7.324777826,39.74465507,0.095585682,0.530243098,,1.95948,0,0,0
1.95948,7.324836638,39.74465286,0.095587703,0.53025426,,1.9596,0,0,0
1.9596,7.324836638,39.74465286,0.095587703,0.53025426,,1.95972,0,0,0
1.95972,7.324836638,39.74465286,0.095587703,0.53025426,,1.95984,0,0,0
1.95984,7.324836638,39.74465286,0.095587703,0.53025426,,1.95996,0,0,0
1.95996,7.324836638,39.74465286,0.095587703,0.53025426,,1.96008,0,0,0
1.96008,7.324836638,39.74465286,0.095587703,0.53025426,,1.9602,0,0,0
1.9602,7.324836638,39.74465286,0.095587703,0.53025426,,1.96032,0,0,0
1.96032,7.324836638,39.74465286,0.095587703,0.53025426,,1.96044,0,0,0
1.96044,7.32486946,39.74465508,0.095585651,0.530242967,,1.96056,0,0,0
1.96056,7.32486946,39.74465508,0.095585651,0.530242967,,1.96068,0,0,0
1.96068,7.32486946,39.74465508,0.095585651,0.530242967,,1.9608,0,0,0
1.9608,7.32486946,39.74465508,0.095585651,0.530242967,,1.96092,0,0,0
1.96092,7.32486946,39.74465508,0.095585651,0.530242967,,1.96104,0,0,0
1.96104,7.32486946,39.74465508,0.095585651,0.530242967,,1.96116,0,0,0
1.96116,7.32486946,39.74465508,0.095585651,0.530242967,,1.96128,0,0,0
1.96128,7.32486946,39.74465508,0.095585651,0.530242967,,1.9614,0,0,0
1.9614,7.32486946,39.74465508,0.095585651,0.530242967,,1.96152,0,0,0
1.96152,7.324851886,39.74465659,0.09558491,0.530239031,,1.96164,0,0,0
1.96164,7.324851886,39.74465659,0.09558491,0.530239031,,1.96176,0,0,0
1.96176,7.324851886,39.74465659,0.09558491,0.530239031,,1.96188,0,0,0
1.96188,7.324851886,39.74465659,0.09558491,0.530239031,,1.962,0,0,0
1.962,7.324851886,39.74465659,0.09558491,0.530239031,,1.96212,0,0,0
1.96212,7.324851886,39.74465659,0.09558491,0.530239031,,1.96224,0,0,0
1.96224,7.324851886,39.74465659,0.09558491,0.530239031,,1.96236,0,0,0
1.96236,7.324851886,39.74465659,0.09558491,0.530239031,,1.96248,0,0,0
1.96248,7.324851886,39.74465659,0.09558491,0.530239031,,1.9626,0,0,0
1.9626,7.324818566,39.74465504,0.095586994,0.530250661,,1.96272,0,0,0
1.96272,7.324818566,39.74465504,0.095586994,0.530250661,,1.96284,0,0,0
1.96284,7.324818566,39.74465504,0.095586994,0.530250661,,1.96296,0,0,0
1.96296,7.324818566,39.74465504,0.095586994,0.530250661,,1.96308,0,0,0
1.96308,7.324818566,39.74465504,0.095586994,0.530250661,,1.9632,0,0,0
1.9632,7.324818566,39.74465504,0.095586994,0.530250661,,1.96332,0,0,0
1.96332,7.324818566,39.74465504,0.095586994,0.530250661,,1.96344,0,0,0
1.96344,7.324818566,39.74465504,0.095586994,0.530250661,,1.96356,0,0,0
1.96356,7.324845224,39.74465305,0.095587923,0.53025561,,1.96368,0,0,0
1.96368,7.324845224,39.74465305,0.095587923,0.53025561,,1.9638,0,0,0
1.9638,7.324845224,39.74465305,0.095587923,0.53025561,,1.96392,0,0,0
1.96392,7.324845224,39.74465305,0.095587923,0.53025561,,1.96404,0,0,0
1.96404,7.324845224,39.74465305,0.095587923,0.53025561,,1.96416,0,0,0
1.96416,7.324845224,39.74465305,0.095587923,0.53025561,,1.96428,0,0,0
1.96428,7.324845224,39.74465305,0.095587923,0.53025561,,1.9644,0,0,0
1.9644,7.324845224,39.74465305,0.095587923,0.53025561,,1.96452,0,0,0
1.96452,7.324845224,39.74465305,0.095587923,0.53025561,,1.96464,0,0,0
1.96464,7.324876624,39.74465661,0.095583593,0.530231524,,1.96476,0,0,0
1.96476,7.324876624,39.74465661,0.095583593,0.530231524,,1.96488,0,0,0
1.96488,7.324876624,39.74465661,0.095583593,0.530231524,,1.965,0,0,0
1.965,7.324876624,39.74465661,0.095583593,0.530231524,,1.96512,0,0,0
1.96512,7.324876624,39.74465661,0.095583593,0.530231524,,1.96524,0,0,0
1.96524,7.324876624,39.74465661,0.095583593,0.530231524,,1.96536,0,0,0
1.96536,7.324876624,39.74465661,0.095583593,0.530231524,,1.96548,0,0,0
1.96548,7.324876624,39.74465661,0.095583593,0.530231524,,1.9656,0,0,0
1.9656,7.324876624,39.74465661,0.095583593,0.530231524,,1.96572,0,0,0
1.96572,7.324803235,39.74465796,0.095582702,0.530226671,,1.96584,0,0,0
1.96584,7.324803235,39.74465796,0.095582702,0.530226671,,1.96596,0,0,0
1.96596,7.324803235,39.74465796,0.095582702,0.530226671,,1.96608,0,0,0
1.96608,7.324803235,39.74465796,0.095582702,0.530226671,,1.9662,0,0,0
1.9662,7.324803235,39.74465796,0.095582702,0.530226671,,1.96632,0,0,0
1.96632,7.324803235,39.74465796,0.095582702,0.530226671,,1.96644,0,0,0
1.96644,7.324803235,39.74465796,0.095582702,0.530226671,,1.96656,0,0,0
1.96656,7.324803235,39.74465796,0.095582702,0.530226671,,1.96668,0,0,0
1.96668,7.324768968,39.74465381,0.095586969,0.53025027,,1.9668,0,0,0
1.9668,7.324768968,39.74465381,0.095586969,0.53025027,,1.96692,0,0,0
1.96692,7.324768968,39.74465381,0.095586969,0.53025027,,1.96704,0,0,0
1.96704,7.324768968,39.74465381,0.095586969,0.53025027,,1.96716,0,0,0
1.96716,7.324768968,39.74465381,0.095586969,0.53025027,,1.96728,0,0,0
1.96728,7.324768968,39.74465381,0.095586969,0.53025027,,1.9674,0,0,0
1.9674,7.324768968,39.74465381,0.095586969,0.53025027,,1.96752,0,0,0
1.96752,7.324768968,39.74465381,0.095586969,0.53025027,,1.96764,0,0,0
1.96764,7.324768968,39.74465381,0.095586969,0.53025027,,1.96776,0,0,0
1.96776,7.32482832,39.74465058,0.095590054,0.53026728,,1.96788,0,0,0
1.96788,7.32482832,39.74465058,0.095590054,0.53026728,,1.968,0,0,0
1.968,7.32482832,39.74465058,0.095590054,0.53026728,,1.96812,0,0,0
1.96812,7.32482832,39.74465058,0.095590054,0.53026728,,1.96824,0,0,0
1.96824,7.32482832,39.74465058,0.095590054,0.53026728,,1.96836,0,0,0
1.96836,7.32482832,39.74465058,0.095590054,0.53026728,,1.96848,0,0,0
1.96848,7.32482832,39.74465058,0.095590054,0.53026728,,1.9686,0,0,0
1.9686,7.32482832,39.74465058,0.095590054,0.53026728,,1.96872,0,0,0
1.96872,7.32482832,39.74465058,0.095590054,0.53026728,,1.96884,0,0,0
1.96884,7.324869637,39.74465234,0.095588443,0.53025838,,1.96896,0,0,0
1.96896,7.324869637,39.74465234,0.095588443,0.53025838,,1.96908,0,0,0
1.96908,7.324869637,39.74465234,0.095588443,0.53025838,,1.9692,0,0,0
1.9692,7.324869637,39.74465234,0.095588443,0.53025838,,1.96932,0,0,0
1.96932,7.324869637,39.74465234,0.095588443,0.53025838,,1.96944,0,0,0
1.96944,7.324869637,39.74465234,0.095588443,0.53025838,,1.96956,0,0,0
1.96956,7.324869637,39.74465234,0.095588443,0.53025838,,1.96968,0,0,0
1.96968,7.324869637,39.74465234,0.095588443,0.53025838,,1.9698,0,0,0
1.9698,7.324846875,39.74465347,0.095587986,0.530255961,,1.96992,0,0,0
1.96992,7.324846875,39.74465347,0.095587986,0.530255961,,1.97004,0,0,0
1.97004,7.324846875,39.74465347,0.095587986,0.530255961,,1.97016,0,0,0
1.97016,7.324846875,39.74465347,0.095587986,0.530255961,,1.97028,0,0,0
1.97028,7.324846875,39.74465347,0.095587986,0.530255961,,1.9704,0,0,0
1.9704,7.324846875,39.74465347,0.095587986,0.530255961,,1.97052,0,0,0
1.97052,7.324846875,39.74465347,0.095587986,0.530255961,,1.97064,0,0,0
1.97064,7.324846875,39.74465347,0.095587986,0.530255961,,1.97076,0,0,0
1.97076,7.324846875,39.74465347,0.095587986,0.530255961,,1.97088,0,0,0
1.97088,7.324823702,39.74465184,0.095590076,0.530267591,,1.971,0,0,0
1.971,7.324823702,39.74465184,0.095590076,0.530267591,,1.97112,0,0,0
1.97112,7.324823702,39.74465184,0.095590076,0.530267591,,1.97124,0,0,0
1.97124,7.324823702,39.74465184,0.095590076,0.530267591,,1.97136,0,0,0
1.97136,7.324823702,39.74465184,0.095590076,0.530267591,,1.97148,0,0,0
1.97148,7.324823702,39.74465184,0.095590076,0.530267591,,1.9716,0,0,0
1.9716,7.324823702,39.74465184,0.095590076,0.530267591,,1.97172,0,0,0
1.97172,7.324823702,39.74465184,0.095590076,0.530267591,,1.97184,0,0,0
1.97184,7.324823702,39.74465184,0.095590076,0.530267591,,1.97196,0,0,0
1.97196,7.324844206,39.74464994,0.09559109,0.530273021,,1.97208,0,0,0
1.97208,7.324844206,39.74464994,0.09559109,0.530273021,,1.9722,0,0,0
1.9722,7.324844206,39.74464994,0.09559109,0.530273021,,1.97232,0,0,0
1.97232,7.324844206,39.74464994,0.09559109,0.530273021,,1.97244,0,0,0
1.97244,7.324844206,39.74464994,0.09559109,0.530273021,,1.97256,0,0,0
1.97256,7.324844206,39.74464994,0.09559109,0.530273021,,1.97268,0,0,0
1.97268,7.324844206,39.74464994,0.09559109,0.530273021,,1.9728,0,0,0
1.9728,7.324844206,39.74464994,0.09559109,0.530273021,,1.97292,0,0,0
1.97292,7.32488216,39.74465337,0.095586727,0.530248733,,1.97304,0,0,0
1.97304,7.32488216,39.74465337,0.095586727,0.530248733,,1.97316,0,0,0
1.97316,7.32488216,39.74465337,0.095586727,0.530248733,,1.97328,0,0,0
1.97328,7.32488216,39.74465337,0.095586727,0.530248733,,1.9734,0,0,0
1.9734,7.32488216,39.74465337,0.095586727,0.530248733,,1.97352,0,0,0
1.97352,7.32488216,39.74465337,0.095586727,0.530248733,,1.97364,0,0,0
1.97364,7.32488216,39.74465337,0.095586727,0.530248733,,1.97376,0,0,0
1.97376,7.32488216,39.74465337,0.095586727,0.530248733,,1.97388,0,0,0
1.97388,7.32488216,39.74465337,0.095586727,0.530248733,,1.974,0,0,0
1.974,7.324811529,39.74465553,0.095584911,0.530238768,,1.97412,0,0,0
1.97412,7.324811529,39.74465553,0.095584911,0.530238768,,1.97424,0,0,0
1.97424,7.324811529,39.74465553,0.095584911,0.530238768,,1.97436,0,0,0
1.97436,7.324811529,39.74465553,0.095584911,0.530238768,,1.97448,0,0,0
1.97448,7.324811529,39.74465553,0.095584911,0.530238768,,1.9746,0,0,0
1.9746,7.324811529,39.74465553,0.095584911,0.530238768,,1.97472,0,0,0
1.97472,7.324811529,39.74465553,0.095584911,0.530238768,,1.97484,0,0,0
1.97484,7.324811529,39.74465553,0.095584911,0.530238768,,1.97496,0,0,0
1.97496,7.324811529,39.74465553,0.095584911,0.530238768,,1.97508,0,0,0
1.97508,7.324763422,39.74465169,0.095588926,0.530261011,,1.9752,0,0,0
1.9752,7.324763422,39.74465169,0.095588926,0.530261011,,1.97532,0,0,0
1.97532,7.324763422,39.74465169,0.095588926,0.530261011,,1.97544,0,0,0
1.97544,7.324763422,39.74465169,0.095588926,0.530261011,,1.97556,0,0,0
1.97556,7.324763422,39.74465169,0.095588926,0.530261011,,1.97568,0,0,0
1.97568,7.324763422,39.74465169,0.095588926,0.530261011,,1.9758,0,0,0
1.9758,7.324763422,39.74465169,0.095588926,0.530261011,,1.97592,0,0,0
1.97592,7.324763422,39.74465169,0.095588926,0.530261011,,1.97604,0,0,0
1.97604,7.324763422,39.74465169,0.095588926,0.530261011,,1.97616,0,0,0
1.97616,7.324819176,39.74464787,0.095592546,0.530281008,,1.97628,0,0,0
1.97628,7.324819176,39.74464787,0.095592546,0.530281008,,1.9764,0,0,0
1.9764,7.324819176,39.74464787,0.095592546,0.530281008,,1.97652,0,0,0
1.97652,7.324819176,39.74464787,0.095592546,0.530281008,,1.97664,0,0,0
1.97664,7.324819176,39.74464787,0.095592546,0.530281008,,1.97676,0,0,0
1.97676,7.324819176,39.74464787,0.095592546,0.530281008,,1.97688,0,0,0
1.97688,7.324819176,39.74464787,0.095592546,0.530281008,,1.977,0,0,0
1.977,7.324819176,39.74464787,0.095592546,0.530281008,,1.97712,0,0,0
1.97712,7.324873385,39.74464968,0.095590816,0.530271481,,1.97724,0,0,0
1.97724,7.324873385,39.74464968,0.095590816,0.530271481,,1.97736,0,0,0
1.97736,7.324873385,39.74464968,0.095590816,0.530271481,,1.97748,0,0,0
1.97748,7.324873385,39.74464968,0.095590816,0.530271481,,1.9776,0,0,0
1.9776,7.324873385,39.74464968,0.095590816,0.530271481,,1.97772,0,0,0
1.97772,7.324873385,39.74464968,0.095590816,0.530271481,,1.97784,0,0,0
1.97784,7.324873385,39.74464968,0.095590816,0.530271481,,1.97796,0,0,0
1.97796,7.324873385,39.74464968,0.095590816,0.530271481,,1.97808,0,0,0
1.97808,7.324873385,39.74464968,0.095590816,0.530271481,,1.9782,0,0,0
1.9782,7.324845497,39.74465129,0.095589869,0.530266382,,1.97832,0,0,0
1.97832,7.324845497,39.74465129,0.095589869,0.530266382,,1.97844,0,0,0
1.97844,7.324845497,39.74465129,0.095589869,0.530266382,,1.97856,0,0,0
1.97856,7.324845497,39.74465129,0.095589869,0.530266382,,1.97868,0,0,0
1.97868,7.324845497,39.74465129,0.095589869,0.530266382,,1.9788,0,0,0
1.9788,7.324845497,39.74465129,0.095589869,0.530266382,,1.97892,0,0,0
1.97892,7.324845497,39.74465129,0.095589869,0.530266382,,1.97904,0,0,0
1.97904,7.324845497,39.74465129,0.095589869,0.530266382,,1.97916,0,0,0
1.97916,7.324845497,39.74465129,0.095589869,0.530266382,,1.97928,0,0,0
1.97928,7.324828822,39.74465006,0.095591585,0.530275972,,1.9794,0,0,0
1.9794,7.324828822,39.74465006,0.095591585,0.530275972,,1.97952,0,0,0
1.97952,7.324828822,39.74465006,0.095591585,0.530275972,,1.97964,0,0,0
1.97964,7.324828822,39.74465006,0.095591585,0.530275972,,1.97976,0,0,0
1.97976,7.324828822,39.74465006,0.095591585,0.530275972,,1.97988,0,0,0
1.97988,7.324828822,39.74465006,0.095591585,0.530275972,,1.98,0,0,0
1.98,7.324828822,39.74465006,0.095591585,0.530275972,,1.98012,0,0,0
1.98012,7.324828822,39.74465006,0.095591585,0.530275972,,1.98024,0,0,0
1.98024,7.32484643,39.7446486,0.095592413,0.530280441,,1.98036,0,0,0
1.98036,7.32484643,39.7446486,0.095592413,0.530280441,,1.98048,0,0,0
1.98048,7.32484643,39.7446486,0.095592413,0.530280441,,1.9806,0,0,0
1.9806,7.32484643,39.7446486,0.095592413,0.530280441,,1.98072,0,0,0
1.98072,7.32484643,39.7446486,0.095592413,0.530280441,,1.98084,0,0,0
1.98084,7.32484643,39.7446486,0.095592413,0.530280441,,1.98096,0,0,0
1.98096,7.32484643,39.7446486,0.095592413,0.530280441,,1.98108,0,0,0
1.98108,7.32484643,39.7446486,0.095592413,0.530280441,,1.9812,0,0,0
1.9812,7.32484643,39.7446486,0.095592413,0.530280441,,1.98132,0,0,0
1.98132,7.324889698,39.74465209,0.095588065,0.530256236,,1.98144,0,0,0
1.98144,7.324889698,39.74465209,0.095588065,0.530256236,,1.98156,0,0,0
1.98156,7.324889698,39.74465209,0.095588065,0.530256236,,1.98168,0,0,0
1.98168,7.324889698,39.74465209,0.095588065,0.530256236,,1.9818,0,0,0
1.9818,7.324889698,39.74465209,0.095588065,0.530256236,,1.98192,0,0,0
1.98192,7.324889698,39.74465209,0.095588065,0.530256236,,1.98204,0,0,0
1.98204,7.324889698,39.74465209,0.095588065,0.530256236,,1.98216,0,0,0
1.98216,7.324889698,39.74465209,0.095588065,0.530256236,,1.98228,0,0,0
1.98228,7.324889698,39.74465209,0.095588065,0.530256236,,1.9824,0,0,0
1.9824,7.324824631,39.74465503,0.095585503,0.530242132,,1.98252,0,0,0
1.98252,7.324824631,39.74465503,0.095585503,0.530242132,,1.98264,0,0,0
1.98264,7.324824631,39.74465503,0.095585503,0.530242132,,1.98276,0,0,0
1.98276,7.324824631,39.74465503,0.095585503,0.530242132,,1.98288,0,0,0
1.98288,7.324824631,39.74465503,0.095585503,0.530242132,,1.983,0,0,0
1.983,7.324824631,39.74465503,0.095585503,0.530242132,,1.98312,0,0,0
1.98312,7.324824631,39.74465503,0.095585503,0.530242132,,1.98324,0,0,0
1.98324,7.324824631,39.74465503,0.095585503,0.530242132,,1.98336,0,0,0
1.98336,7.324763207,39.74465137,0.095589499,0.530264273,,1.98348,0,0,0
1.98348,7.324763207,39.74465137,0.095589499,0.530264273,,1.9836,0,0,0
1.9836,7.324763207,39.74465137,0.095589499,0.530264273,,1.98372,0,0,0
1.98372,7.324763207,39.74465137,0.095589499,0.530264273,,1.98384,0,0,0
1.98384,7.324763207,39.74465137,0.095589499,0.530264273,,1.98396,0,0,0
1.98396,7.324763207,39.74465137,0.095589499,0.530264273,,1.98408,0,0,0
1.98408,7.324763207,39.74465137,0.095589499,0.530264273,,1.9842,0,0,0
1.9842,7.324763207,39.74465137,0.095589499,0.530264273,,1.98432,0,0,0
1.98432,7.324763207,39.74465137,0.095589499,0.530264273,,1.98444,0,0,0
1.98444,7.32481245,39.74464661,0.095594148,0.530289936,,1.98456,0,0,0
1.98456,7.32481245,39.74464661,0.095594148,0.530289936,,1.98468,0,0,0
1.98468,7.32481245,39.74464661,0.095594148,0.530289936,,1.9848,0,0,0
1.9848,7.32481245,39.74464661,0.095594148,0.530289936,,1.98492,0,0,0
1.98492,7.32481245,39.74464661,0.095594148,0.530289936,,1.98504,0,0,0
1.98504,7.32481245,39.74464661,0.095594148,0.530289936,,1.98516,0,0,0
1.98516,7.32481245,39.74464661,0.095594148,0.530289936,,1.98528,0,0,0
1.98528,7.32481245,39.74464661,0.095594148,0.530289936,,1.9854,0,0,0
1.9854,7.32481245,39.74464661,0.095594148,0.530289936,,1.98552,0,0,0
1.98552,7.324880891,39.74464784,0.095592946,0.530283278,,1.98564,0,0,0
1.98564,7.324880891,39.74464784,0.095592946,0.530283278,,1.98576,0,0,0
1.98576,7.324880891,39.74464784,0.095592946,0.530283278,,1.98588,0,0,0
1.98588,7.324880891,39.74464784,0.095592946,0.530283278,,1.986,0,0,0
1.986,7.324880891,39.74464784,0.095592946,0.530283278,,1.98612,0,0,0
1.98612,7.324880891,39.74464784,0.095592946,0.530283278,,1.98624,0,0,0
1.98624,7.324880891,39.74464784,0.095592946,0.530283278,,1.98636,0,0,0
1.98636,7.324880891,39.74464784,0.095592946,0.530283278,,1.98648,0,0,0
1.98648,7.324849024,39.74464946,0.095591941,0.530277816,,1.9866,0,0,0
1.9866,7.324849024,39.74464946,0.095591941,0.530277816,,1.98672,0,0,0
1.98672,7.324849024,39.74464946,0.095591941,0.530277816,,1.98684,0,0,0
1.98684,7.324849024,39.74464946,0.095591941,0.530277816,,1.98696,0,0,0
1.98696,7.324849024,39.74464946,0.095591941,0.530277816,,1.98708,0,0,0
1.98708,7.324849024,39.74464946,0.095591941,0.530277816,,1.9872,0,0,0
1.9872,7.324849024,39.74464946,0.095591941,0.530277816,,1.98732,0,0,0
1.98732,7.324849024,39.74464946,0.095591941,0.530277816,,1.98744,0,0,0
1.98744,7.324849024,39.74464946,0.095591941,0.530277816,,1.98756,0,0,0
1.98756,7.324836156,39.74464812,0.095593694,0.530287574,,1.98768,0,0,0
1.98768,7.324836156,39.74464812,0.095593694,0.530287574,,1.9878,0,0,0
1.9878,7.324836156,39.74464812,0.095593694,0.530287574,,1.98792,0,0,0
1.98792,7.324836156,39.74464812,0.095593694,0.530287574,,1.98804,0,0,0
1.98804,7.324836156,39.74464812,0.095593694,0.530287574,,1.98816,0,0,0
1.98816,7.324836156,39.74464812,0.095593694,0.530287574,,1.98828,0,0,0
1.98828,7.324836156,39.74464812,0.095593694,0.530287574,,1.9884,0,0,0
1.9884,7.324836156,39.74464812,0.095593694,0.530287574,,1.98852,0,0,0
1.98852,7.324836156,39.74464812,0.095593694,0.530287574,,1.98864,0,0,0
1.98864,7.324853561,39.74464687,0.095594442,0.530291612,,1.98876,0,0,0
1.98876,7.324853561,39.74464687,0.095594442,0.530291612,,1.98888,0,0,0
1.98888,7.324853561,39.74464687,0.095594442,0.530291612,,1.989,0,0,0
1.989,7.324853561,39.74464687,0.095594442,0.530291612,,1.98912,0,0,0
1.98912,7.324853561,39.74464687,0.095594442,0.530291612,,1.98924,0,0,0
1.98924,7.324853561,39.74464687,0.095594442,0.530291612,,1.98936,0,0,0
1.98936,7.324853561,39.74464687,0.095594442,0.530291612,,1.98948,0,0,0
1.98948,7.324853561,39.74464687,0.095594442,0.530291612,,1.9896,0,0,0
1.9896,7.324898831,39.74465022,0.095590191,0.530267941,,1.98972,0,0,0
1.98972,7.324898831,39.74465022,0.095590191,0.530267941,,1.98984,0,0,0
1.98984,7.324898831,39.74465022,0.095590191,0.530267941,,1.98996,0,0,0
1.98996,7.324898831,39.74465022,0.095590191,0.530267941,,1.99008,0,0,0
1.99008,7.324898831,39.74465022,0.095590191,0.530267941,,1.9902,0,0,0
1.9902,7.324898831,39.74465022,0.095590191,0.530267941,,1.99032,0,0,0
1.99032,7.324898831,39.74465022,0.095590191,0.530267941,,1.99044,0,0,0
1.99044,7.324898831,39.74465022,0.095590191,0.530267941,,1.99056,0,0,0
1.99056,7.324898831,39.74465022,0.095590191,0.530267941,,1.99068,0,0,0
1.99068,7.324842006,39.74465395,0.095586731,0.530248872,,1.9908,0,0,0
1.9908,7.324842006,39.74465395,0.095586731,0.530248872,,1.99092,0,0,0
1.99092,7.324842006,39.74465395,0.095586731,0.530248872,,1.99104,0,0,0
1.99104,7.324842006,39.74465395,0.095586731,0.530248872,,1.99116,0,0,0
1.99116,7.324842006,39.74465395,0.095586731,0.530248872,,1.99128,0,0,0
1.99128,7.324842006,39.74465395,0.095586731,0.530248872,,1.9914,0,0,0
1.9914,7.324842006,39.74465395,0.095586731,0.530248872,,1.99152,0,0,0
1.99152,7.324842006,39.74465395,0.095586731,0.530248872,,1.99164,0,0,0
1.99164,7.324842006,39.74465395,0.095586731,0.530248872,,1.99176,0,0,0
1.99176,7.324768279,39.74465097,0.095590072,0.530267427,,1.99188,0,0,0
1.99188,7.324768279,39.74465097,0.095590072,0.530267427,,1.992,0,0,0
1.992,7.324768279,39.74465097,0.095590072,0.530267427,,1.99212,0,0,0
1.99212,7.324768279,39.74465097,0.095590072,0.530267427,,1.99224,0,0,0
1.99224,7.324768279,39.74465097,0.095590072,0.530267427,,1.99236,0,0,0
1.99236,7.324768279,39.74465097,0.095590072,0.530267427,,1.99248,0,0,0
1.99248,7.324768279,39.74465097,0.095590072,0.530267427,,1.9926,0,0,0
1.9926,7.324768279,39.74465097,0.095590072,0.530267427,,1.99272,0,0,0
1.99272,7.324806104,39.74464571,0.095595184,0.530295681,,1.99284,0,0,0
1.99284,7.324806104,39.74464571,0.095595184,0.530295681,,1.99296,0,0,0
1.99296,7.324806104,39.74464571,0.095595184,0.530295681,,1.99308,0,0,0
1.99308,7.324806104,39.74464571,0.095595184,0.530295681,,1.9932,0,0,0
1.9932,7.324806104,39.74464571,0.095595184,0.530295681,,1.99332,0,0,0
1.99332,7.324806104,39.74464571,0.095595184,0.530295681,,1.99344,0,0,0
1.99344,7.324806104,39.74464571,0.095595184,0.530295681,,1.99356,0,0,0
1.99356,7.324806104,39.74464571,0.095595184,0.530295681,,1.99368,0,0,0
1.99368,7.324806104,39.74464571,0.095595184,0.530295681,,1.9938,0,0,0
1.9938,7.324890489,39.74464678,0.095594096,0.530289679,,1.99392,0,0,0
1.99392,7.324890489,39.74464678,0.095594096,0.530289679,,1.99404,0,0,0
1.99404,7.324890489,39.74464678,0.095594096,0.530289679,,1.99416,0,0,0
1.99416,7.324890489,39.74464678,0.095594096,0.530289679,,1.99428,0,0,0
1.99428,7.324890489,39.74464678,0.095594096,0.530289679,,1.9944,0,0,0
1.9944,7.324890489,39.74464678,0.095594096,0.530289679,,1.99452,0,0,0
1.99452,7.324890489,39.74464678,0.095594096,0.530289679,,1.99464,0,0,0
1.99464,7.324890489,39.74464678,0.095594096,0.530289679,,1.99476,0,0,0
1.99476,7.324890489,39.74464678,0.095594096,0.530289679,,1.99488,0,0,0
1.99488,7.3248585,39.74464914,0.095592342,0.530280117,,1.995,0,0,0
1.995,7.3248585,39.74464914,0.095592342,0.530280117,,1.99512,0,0,0
1.99512,7.3248585,39.74464914,0.095592342,0.530280117,,1.99524,0,0,0
1.99524,7.3248585,39.74464914,0.095592342,0.530280117,,1.99536,0,0,0
1.99536,7.3248585,39.74464914,0.095592342,0.530280117,,1.99548,0,0,0
1.99548,7.3248585,39.74464914,0.095592342,0.530280117,,1.9956,0,0,0
1.9956,7.3248585,39.74464914,0.095592342,0.530280117,,1.99572,0,0,0
1.99572,7.3248585,39.74464914,0.095592342,0.530280117,,1.99584,0,0,0
1.99584,7.32484416,39.74464816,0.095593742,0.530287946,,1.99596,0,0,0
1.99596,7.32484416,39.74464816,0.095593742,0.530287946,,1.99608,0,0,0
1.99608,7.32484416,39.74464816,0.095593742,0.530287946,,1.9962,0,0,0
1.9962,7.32484416,39.74464816,0.095593742,0.530287946,,1.99632,0,0,0
1.99632,7.32484416,39.74464816,0.095593742,0.530287946,,1.99644,0,0,0
1.99644,7.32484416,39.74464816,0.095593742,0.530287946,,1.99656,0,0,0
1.99656,7.32484416,39.74464816,0.095593742,0.530287946,,1.99668,0,0,0
1.99668,7.32484416,39.74464816,0.095593742,0.530287946,,1.9968,0,0,0
1.9968,7.32484416,39.74464816,0.095593742,0.530287946,,1.99692,0,0,0
1.99692,7.324863948,39.7446474,0.095594245,0.530290684,,1.99704,0,0,0
1.99704,7.324863948,39.7446474,0.095594245,0.530290684,,1.99716,0,0,0
1.99716,7.324863948,39.7446474,0.095594245,0.530290684,,1.99728,0,0,0
1.99728,7.324863948,39.7446474,0.095594245,0.530290684,,1.9974,0,0,0
1.9974,7.324863948,39.7446474,0.095594245,0.530290684,,1.99752,0,0,0
1.99752,7.324863948,39.7446474,0.095594245,0.530290684,,1.99764,0,0,0
1.99764,7.324863948,39.7446474,0.095594245,0.530290684,,1.99776,0,0,0
1.99776,7.324863948,39.7446474,0.095594245,0.530290684,,1.99788,0,0,0
1.99788,7.324863948,39.7446474,0.095594245,0.530290684,,1.998,0,0,0
1.998,7.324910481,39.74465076,0.095590145,0.530267875,,1.99812,0,0,0
1.99812,7.324910481,39.74465076,0.095590145,0.530267875,,1.99824,0,0,0
1.99824,7.324910481,39.74465076,0.095590145,0.530267875,,1.99836,0,0,0
1.99836,7.324910481,39.74465076,0.095590145,0.530267875,,1.99848,0,0,0
1.99848,7.324910481,39.74465076,0.095590145,0.530267875,,1.9986,0,0,0
1.9986,7.324910481,39.74465076,0.095590145,0.530267875,,1.99872,0,0,0
1.99872,7.324910481,39.74465076,0.095590145,0.530267875,,1.99884,0,0,0
1.99884,7.324910481,39.74465076,0.095590145,0.530267875,,1.99896,0,0,0
1.99896,7.324863526,39.74465508,0.095586112,0.530245626,,1.99908,0,0,0
1.99908,7.324863526,39.74465508,0.095586112,0.530245626,,1.9992,0,0,0
1.9992,7.324863526,39.74465508,0.095586112,0.530245626,,1.99932,0,0,0
1.99932,7.324863526,39.74465508,0.095586112,0.530245626,,1.99944,0,0,0
1.99944,7.324863526,39.74465508,0.095586112,0.530245626,,1.99956,0,0,0
1.99956,7.324863526,39.74465508,0.095586112,0.530245626,,1.99968,0,0,0
1.99968,7.324863526,39.74465508,0.095586112,0.530245626,,1.9998,0,0,0
1.9998,7.324863526,39.74465508,0.095586112,0.530245626,,1.99992,0,0,0
1.99992,7.324863526,39.74465508,0.095586112,0.530245626,,2.00004,0,0,0
2.00004,7.324780065,39.74461916,0.095589066,0.530262036,,2.00016,0,0,0
2.00016,7.324780065,39.74461916,0.095589066,0.530262036,,2.00028,0,0,0
2.00028,7.324780065,39.74461916,0.095589066,0.530262036,,2.0004,0,0,0
2.0004,7.324780065,39.74461916,0.095589066,0.530262036,,2.00052,0,0,0
2.00052,7.324780065,39.74461916,0.095589066,0.530262036,,2.00064,0,0,0
2.00064,7.324780065,39.74461916,0.095589066,0.530262036,,2.00076,0,0,0
2.00076,7.324780065,39.74461916,0.095589066,0.530262036,,2.00088,0,0,0
2.00088,7.324780065,39.74461916,0.095589066,0.530262036,,2.001,0,0,0
2.001,7.324780065,39.74461916,0.095589066,0.530262036,,2.00112,0,0,0
2.00112,7.32462091,39.74265752,0.095599609,0.530323198,,2.00124,0,0,0
2.00124,7.32462091,39.74265752,0.095599609,0.530323198,,2.00136,0,0,0
2.00136,7.32462091,39.74265752,0.095599609,0.530323198,,2.00148,0,0,0
2.00148,7.32462091,39.74265752,0.095599609,0.530323198,,2.0016,0,0,0
2.0016,7.32462091,39.74265752,0.095599609,0.530323198,,2.00172,0,0,0
2.00172,7.32462091,39.74265752,0.095599609,0.530323198,,2.00184,0,0,0
2.00184,7.32462091,39.74265752,0.095599609,0.530323198,,2.00196,0,0,0
2.00196,7.32462091,39.74265752,0.095599609,0.530323198,,2.00208,0,0,0
2.00208,7.32462091,39.74265752,0.095599609,0.530323198,,2.0022,0,0,0
2.0022,7.323570376,39.69124007,0.095186078,0.527996892,,2.00232,0,0,0
2.00232,7.323570376,39.69124007,0.095186078,0.527996892,,2.00244,0,0,0
2.00244,7.323570376,39.69124007,0.095186078,0.527996892,,2.00256,0,0,0
2.00256,7.323570376,39.69124007,0.095186078,0.527996892,,2.00268,0,0,0
2.00268,7.323570376,39.69124007,0.095186078,0.527996892,,2.0028,0,0,0
2.0028,7.323570376,39.69124007,0.095186078,0.527996892,,2.00292,0,0,0
2.00292,7.323570376,39.69124007,0.095186078,0.527996892,,2.00304,0,0,0
2.00304,7.323570376,39.69124007,0.095186078,0.527996892,,2.00316,0,0,0
2.00316,7.270423015,39.22242041,0.091594579,0.507982618,,2.00328,0,0,0
2.00328,7.270423015,39.22242041,0.091594579,0.507982618,,2.0034,0,0,0
2.0034,7.270423015,39.22242041,0.091594579,0.507982618,,2.00352,0,0,0
2.00352,7.270423015,39.22242041,0.091594579,0.507982618,,2.00364,0,0,0
2.00364,7.270423015,39.22242041,0.091594579,0.507982618,,2.00376,0,0,0
2.00376,7.270423015,39.22242041,0.091594579,0.507982618,,2.00388,0,0,0
2.00388,7.270423015,39.22242041,0.091594579,0.507982618,,2.004,0,0,0
2.004,7.270423015,39.22242041,0.091594579,0.507982618,,2.00412,0,0,0
2.00412,7.270423015,39.22242041,0.091594579,0.507982618,,2.00424,0,0,0
2.00424,7.104592123,38.21373829,0.085309388,0.473139267,,2.00436,0,0,0
2.00436,7.104592123,38.21373829,0.085309388,0.473139267,,2.00448,0,0,0
2.00448,7.104592123,38.21373829,0.085309388,0.473139267,,2.0046,0,0,0
2.0046,7.104592123,38.21373829,0.085309388,0.473139267,,2.00472,0,0,0
2.00472,7.104592123,38.21373829,0.085309388,0.473139267,,2.00484,0,0,0
2.00484,7.104592123,38.21373829,0.085309388,0.473139267,,2.00496,0,0,0
2.00496,7.104592123,38.21373829,0.085309388,0.473139267,,2.00508,0,0,0
2.00508,7.104592123,38.21373829,0.085309388,0.473139267,,2.0052,0,0,0
2.0052,7.104592123,38.21373829,0.085309388,0.473139267,,2.00532,0,0,0
2.00532,6.898700929,36.81617725,0.076528186,0.424677384,,2.00544,0,0,0
2.00544,6.898700929,36.81617725,0.076528186,0.424677384,,2.00556,0,0,0
2.00556,6.898700929,36.81617725,0.076528186,0.424677384,,2.00568,0,0,0
2.00568,6.898700929,36.81617725,0.076528186,0.424677384,,2.0058,0,0,0
2.0058,6.898700929,36.81617725,0.076528186,0.424677384,,2.00592,0,0,0
2.00592,6.898700929,36.81617725,0.076528186,0.424677384,,2.00604,0,0,0
2.00604,6.898700929,36.81617725,0.076528186,0.424677384,,2.00616,0,0,0
2.00616,6.898700929,36.81617725,0.076528186,0.424677384,,2.00628,0,0,0
2.00628,6.670400683,35.40231922,0.06554496,0.364395564,,2.0064,0,0,0
2.0064,6.670400683,35.40231922,0.06554496,0.364395564,,2.00652,0,0,0
2.00652,6.670400683,35.40231922,0.06554496,0.364395564,,2.00664,0,0,0
2.00664,6.670400683,35.40231922,0.06554496,0.364395564,,2.00676,0,0,0
2.00676,6.670400683,35.40231922,0.06554496,0.364395564,,2.00688,0,0,0
2.00688,6.670400683,35.40231922,0.06554496,0.364395564,,2.007,0,0,0
2.007,6.670400683,35.40231922,0.06554496,0.364395564,,2.00712,0,0,0
2.00712,6.670400683,35.40231922,0.06554496,0.364395564,,2.00724,0,0,0
2.00724,6.670400683,35.40231922,0.06554496,0.364395564,,2.00736,0,0,0
2.00736,6.470270138,34.38986505,0.05818286,0.324491973,,2.00748,0,0,0
2.00748,6.470270138,34.38986505,0.05818286,0.324491973,,2.0076,0,0,0
2.0076,6.470270138,34.38986505,0.05818286,0.324491973,,2.00772,0,0,0
2.00772,6.470270138,34.38986505,0.05818286,0.324491973,,2.00784,0,0,0
2.00784,6.470270138,34.38986505,0.05818286,0.324491973,,2.00796,0,0,0
2.00796,6.470270138,34.38986505,0.05818286,0.324491973,,2.00808,0,0,0
2.00808,6.470270138,34.38986505,0.05818286,0.324491973,,2.0082,0,0,0
2.0082,6.470270138,34.38986505,0.05818286,0.324491973,,2.00832,0,0,0
2.00832,6.470270138,34.38986505,0.05818286,0.324491973,,2.00844,0,0,0
2.00844,6.367287681,33.94736504,0.057830513,0.323214385,,2.00856,0,0,0
2.00856,6.367287681,33.94736504,0.057830513,0.323214385,,2.00868,0,0,0
2.00868,6.367287681,33.94736504,0.057830513,0.323214385,,2.0088,0,0,0
2.0088,6.367287681,33.94736504,0.057830513,0.323214385,,2.00892,0,0,0
2.00892,6.367287681,33.94736504,0.057830513,0.323214385,,2.00904,0,0,0
2.00904,6.367287681,33.94736504,0.057830513,0.323214385,,2.00916,0,0,0
2.00916,6.367287681,33.94736504,0.057830513,0.323214385,,2.00928,0,0,0
2.00928,6.367287681,33.94736504,0.057830513,0.323214385,,2.0094,0,0,0
2.0094,6.349690754,33.89869038,0.062804885,0.350938961,,2.00952,0,0,0
2.00952,6.349690754,33.89869038,0.062804885,0.350938961,,2.00964,0,0,0
2.00964,6.349690754,33.89869038,0.062804885,0.350938961,,2.00976,0,0,0
2.00976,6.349690754,33.89869038,0.062804885,0.350938961,,2.00988,0,0,0
2.00988,6.349690754,33.89869038,0.062804885,0.350938961,,2.01,0,0,0
2.01,6.349690754,33.89869038,0.062804885,0.350938961,,2.01012,0,0,1
2.01012,6.349690754,33.89869038,0.062804885,0.350938961,,2.01024,0,0,1
2.01024,6.349690754,33.89869038,0.062804885,0.350938961,,2.01036,0,0,1
2.01036,6.349690754,33.89869038,0.062804885,0.350938961,,2.01048,0,0,1
2.01048,6.343776216,33.83466063,0.069841295,0.389726545,,2.0106,0,0,1
2.0106,6.343776216,33.83466063,0.069841295,0.389726545,,2.01072,0,1,1
2.01072,6.343776216,33.83466063,0.069841295,0.389726545,,2.01084,0,1,1
2.01084,6.343776216,33.83466063,0.069841295,0.389726545,,2.01096,0,1,1
2.01096,6.343776216,33.83466063,0.069841295,0.389726545,,2.01108,0,1,1
2.01108,6.343776216,33.83466063,0.069841295,0.389726545,,2.0112,0,1,1
2.0112,6.343776216,33.83466063,0.069841295,0.389726545,,2.01132,0,1,1
2.01132,6.343776216,33.83466063,0.069841295,0.389726545,,2.01144,0,1,1
2.01144,6.343776216,33.83466063,0.069841295,0.389726545,,2.01156,0,1,1
2.01156,6.283985228,33.37433744,0.075429195,0.420356798,,2.01168,0,1,1
2.01168,6.283985228,33.37433744,0.075429195,0.420356798,,2.0118,0,1,1
2.0118,6.283985228,33.37433744,0.075429195,0.420356798,,2.01192,0,1,1
2.01192,6.283985228,33.37433744,0.075429195,0.420356798,,2.01204,0,1,1
2.01204,6.283985228,33.37433744,0.075429195,0.420356798,,2.01216,0,1,1
2.01216,6.283985228,33.37433744,0.075429195,0.420356798,,2.01228,0,1,1
2.01228,6.283985228,33.37433744,0.075429195,0.420356798,,2.0124,0,1,1
2.0124,6.283985228,33.37433744,0.075429195,0.420356798,,2.01252,0,1,1
2.01252,6.119766797,32.36853058,0.07906517,0.440194904,,2.01264,0,1,1
2.01264,6.119766797,32.36853058,0.07906517,0.440194904,,2.01276,0,1,1
2.01276,6.119766797,32.36853058,0.07906517,0.440194904,,2.01288,0,1,1
2.01288,6.119766797,32.36853058,0.07906517,0.440194904,,2.013,0,1,1
2.013,6.119766797,32.36853058,0.07906517,0.440194904,,2.01312,0,1,1
2.01312,6.119766797,32.36853058,0.07906517,0.440194904,,2.01324,0,1,1
2.01324,6.119766797,32.36853058,0.07906517,0.440194904,,2.01336,0,1,1
2.01336,6.119766797,32.36853058,0.07906517,0.440194904,,2.01348,0,1,1
2.01348,6.119766797,32.36853058,0.07906517,0.440194904,,2.0136,0,1,1
2.0136,5.883881757,30.96816816,0.081427645,0.453059214,,2.01372,0,1,1
2.01372,5.883881757,30.96816816,0.081427645,0.453059214,,2.01384,0,1,1
2.01384,5.883881757,30.96816816,0.081427645,0.453059214,,2.01396,0,1,1
2.01396,5.883881757,30.96816816,0.081427645,0.453059214,,2.01408,0,1,1
2.01408,5.883881757,30.96816816,0.081427645,0.453059214,,2.0142,0,1,1
2.0142,5.883881757,30.96816816,0.081427645,0.453059214,,2.01432,0,1,1
2.01432,5.883881757,30.96816816,0.081427645,0.453059214,,2.01444,0,1,1
2.01444,5.883881757,30.96816816,0.081427645,0.453059214,,2.01456,0,1,1
2.01456,5.883881757,30.96816816,0.081427645,0.453059214,,2.01468,0,1,1
2.01468,5.640539123,29.5530637,0.082496448,0.458861749,,2.0148,0,1,1
2.0148,5.640539123,29.5530637,0.082496448,0.458861749,,2.01492,0,1,1
2.01492,5.640539123,29.5530637,0.082496448,0.458861749,,2.01504,0,1,1
2.01504,5.640539123,29.5530637,0.082496448,0.458861749,,2.01516,0,1,1
2.01516,5.640539123,29.5530637,0.082496448,0.458861749,,2.01528,0,1,1
2.01528,5.640539123,29.5530637,0.082496448,0.458861749,,2.0154,0,1,1
2.0154,5.640539123,29.5530637,0.082496448,0.458861749,,2.01552,0,1,1
2.01552,5.640539123,29.5530637,0.082496448,0.458861749,,2.01564,0,1,1
2.01564,5.448646762,28.53229498,0.083131881,0.462332358,,2.01576,0,1,1
2.01576,5.448646762,28.53229498,0.083131881,0.462332358,,2.01588,0,1,1
2.01588,5.448646762,28.53229498,0.083131881,0.462332358,,2.016,0,1,1
2.016,5.448646762,28.53229498,0.083131881,0.462332358,,2.01612,0,1,1
2.01612,5.448646762,28.53229498,0.083131881,0.462332358,,2.01624,0,1,1
2.01624,5.448646762,28.53229498,0.083131881,0.462332358,,2.01636,0,1,1
2.01636,5.448646762,28.53229498,0.083131881,0.462332358,,2.01648,0,1,1
2.01648,5.448646762,28.53229498,0.083131881,0.462332358,,2.0166,0,1,1
2.0166,5.448646762,28.53229498,0.083131881,0.462332358,,2.01672,0,1,1
2.01672,5.355581458,28.08634994,0.083542484,0.464563855,,2.01684,0,1,1
2.01684,5.355581458,28.08634994,0.083542484,0.464563855,,2.01696,0,1,1
2.01696,5.355581458,28.08634994,0.083542484,0.464563855,,2.01708,0,1,1
2.01708,5.355581458,28.08634994,0.083542484,0.464563855,,2.0172,0,1,1
2.0172,5.355581458,28.08634994,0.083542484,0.464563855,,2.01732,0,1,1
2.01732,5.355581458,28.08634994,0.083542484,0.464563855,,2.01744,0,1,1
2.01744,5.355581458,28.08634994,0.083542484,0.464563855,,2.01756,0,1,1
2.01756,5.355581458,28.08634994,0.083542484,0.464563855,,2.01768,0,1,1
2.01768,5.355581458,28.08634994,0.083542484,0.464563855,,2.0178,0,1,1
2.0178,5.341236606,28.03870691,0.083218059,0.462704503,,2.01792,0,1,1
2.01792,5.341236606,28.03870691,0.083218059,0.462704503,,2.01804,0,1,1
2.01804,5.341236606,28.03870691,0.083218059,0.462704503,,2.01816,0,1,1
2.01816,5.341236606,28.03870691,0.083218059,0.462704503,,2.01828,0,1,1
2.01828,5.341236606,28.03870691,0.083218059,0.462704503,,2.0184,0,1,1
2.0184,5.341236606,28.03870691,0.083218059,0.462704503,,2.01852,0,1,1
2.01852,5.341236606,28.03870691,0.083218059,0.462704503,,2.01864,0,1,1
2.01864,5.341236606,28.03870691,0.083218059,0.462704503,,2.01876,0,1,1
2.01876,5.334794719,28.02602238,0.082614543,0.459315053,,2.01888,0,1,1
2.01888,5.334794719,28.02602238,0.082614543,0.459315053,,2.019,0,1,1
2.019,5.334794719,28.02602238,0.082614543,0.459315053,,2.01912,0,1,1
2.01912,5.334794719,28.02602238,0.082614543,0.459315053,,2.01924,0,1,1
2.01924,5.334794719,28.02602238,0.082614543,0.459315053,,2.01936,0,1,1
2.01936,5.334794719,28.02602238,0.082614543,0.459315053,,2.01948,0,1,1
2.01948,5.334794719,28.02602238,0.082614543,0.459315053,,2.0196,0,1,1
2.0196,5.334794719,28.02602238,0.082614543,0.459315053,,2.01972,0,1,1
2.01972,5.334794719,28.02602238,0.082614543,0.459315053,,2.01984,0,1,1
2.01984,5.315821505,28.03337103,0.084879104,0.471845092,,2.01996,0,1,1
2.01996,5.315821505,28.03337103,0.084879104,0.471845092,,2.02008,0,1,1
2.02008,5.315821505,28.03337103,0.084879104,0.471845092,,2.0202,0,1,1
2.0202,5.315821505,28.03337103,0.084879104,0.471845092,,2.02032,0,1,1
2.02032,5.315821505,28.03337103,0.084879104,0.471845092,,2.02044,0,1,1
2.02044,5.315821505,28.03337103,0.084879104,0.471845092,,2.02056,0,1,1
2.02056,5.315821505,28.03337103,0.084879104,0.471845092,,2.02068,0,1,1
2.02068,5.315821505,28.03337103,0.084879104,0.471845092,,2.0208,0,1,1
2.0208,5.315821505,28.03337103,0.084879104,0.471845092,,2.02092,0,1,1
2.02092,5.310015064,28.03302014,0.088585026,0.492330054,,2.02104,0,1,1
2.02104,5.310015064,28.03302014,0.088585026,0.492330054,,2.02116,0,1,1
2.02116,5.310015064,28.03302014,0.088585026,0.492330054,,2.02128,0,1,1
2.02128,5.310015064,28.03302014,0.088585026,0.492330054,,2.0214,0,1,1
2.0214,5.310015064,28.03302014,0.088585026,0.492330054,,2.02152,0,1,1
2.02152,5.310015064,28.03302014,0.088585026,0.492330054,,2.02164,0,1,1
2.02164,5.310015064,28.03302014,0.088585026,0.492330054,,2.02176,0,1,1
2.02176,5.310015064,28.03302014,0.088585026,0.492330054,,2.02188,0,1,1
2.02188,5.268026779,28.0281709,0.093649275,0.520280983,,2.022,0,1,1
2.022,5.268026779,28.0281709,0.093649275,0.520280983,,2.02212,0,1,1
2.02212,5.268026779,28.0281709,0.093649275,0.520280983,,2.02224,0,1,1
2.02224,5.268026779,28.0281709,0.093649275,0.520280983,,2.02236,0,1,1
2.02236,5.268026779,28.0281709,0.093649275,0.520280983,,2.02248,0,1,1
2.02248,5.268026779,28.0281709,0.093649275,0.520280983,,2.0226,0,1,1
2.0226,5.268026779,28.0281709,0.093649275,0.520280983,,2.02272,0,1,1
2.02272,5.268026779,28.0281709,0.093649275,0.520280983,,2.02284,0,1,1
2.02284,5.268026779,28.0281709,0.093649275,0.520280983,,2.02296,0,1,1
2.02296,5.245284433,28.02972877,0.099757206,0.553914799,,2.02308,1,1,1
2.02308,5.245284433,28.02972877,0.099757206,0.553914799,,2.0232,1,1,1
2.0232,5.245284433,28.02972877,0.099757206,0.553914799,,2.02332,1,1,1
2.02332,5.245284433,28.02972877,0.099757206,0.553914799,,2.02344,1,1,1
2.02344,5.245284433,28.02972877,0.099757206,0.553914799,,2.02356,1,1,1
2.02356,5.245284433,28.02972877,0.099757206,0.553914799,,2.02368,1,1,1
2.02368,5.245284433,28.02972877,0.099757206,0.553914799,,2.0238,1,1,1
2.0238,5.245284433,28.02972877,0.099757206,0.553914799,,2.02392,1,1,1
2.02392,5.245284433,28.02972877,0.099757206,0.553914799,,2.02404,1,1,1
2.02404,5.248282109,28.02651859,0.104003914,0.577197131,,2.02416,1,1,1
2.02416,5.248282109,28.02651859,0.104003914,0.577197131,,2.02428,1,1,1
2.02428,5.248282109,28.02651859,0.104003914,0.577197131,,2.0244,1,1,1
2.0244,5.248282109,28.02651859,0.104003914,0.577197131,,2.02452,1,1,1
2.02452,5.248282109,28.02651859,0.104003914,0.577197131,,2.02464,1,1,1
2.02464,5.248282109,28.02651859,0.104003914,0.577197131,,2.02476,1,1,1
2.02476,5.248282109,28.02651859,0.104003914,0.577197131,,2.02488,1,1,1
2.02488,5.248282109,28.02651859,0.104003914,0.577197131,,2.025,1,1,1
2.025,5.252686228,28.02539718,0.105588581,0.585733109,,2.02512,1,1,1
2.02512,5.252686228,28.02539718,0.105588581,0.585733109,,2.02524,1,1,1
2.02524,5.252686228,28.02539718,0.105588581,0.585733109,,2.02536,1,1,1
2.02536,5.252686228,28.02539718,0.105588581,0.585733109,,2.02548,1,1,1
2.02548,5.252686228,28.02539718,0.105588581,0.585733109,,2.0256,1,1,1
2.0256,5.252686228,28.02539718,0.105588581,0.585733109,,2.02572,1,1,1
2.02572,5.252686228,28.02539718,0.105588581,0.585733109,,2.02584,1,1,1
2.02584,5.252686228,28.02539718,0.105588581,0.585733109,,2.02596,1,1,1
2.02596,5.252686228,28.02539718,0.105588581,0.585733109,,2.02608,1,1,1
2.02608,5.254565772,28.0245953,0.104553124,0.579771523,,2.0262,1,1,1
2.0262,5.254565772,28.0245953,0.104553124,0.579771523,,2.02632,1,1,1
2.02632,5.254565772,28.0245953,0.104553124,0.579771523,,2.02644,1,1,1
2.02644,5.254565772,28.0245953,0.104553124,0.579771523,,2.02656,1,1,1
2.02656,5.254565772,28.0245953,0.104553124,0.579771523,,2.02668,1,1,1
2.02668,5.254565772,28.0245953,0.104553124,0.579771523,,2.0268,1,1,1
2.0268,5.254565772,28.0245953,0.104553124,0.579771523,,2.02692,1,1,1
2.02692,5.254565772,28.0245953,0.104553124,0.579771523,,2.02704,1,1,1
2.02704,5.254565772,28.0245953,0.104553124,0.579771523,,2.02716,1,1,1
2.02716,5.253581316,28.02450393,0.101287888,0.561497474,,2.02728,1,1,1
2.02728,5.253581316,28.02450393,0.101287888,0.561497474,,2.0274,1,1,1
2.0274,5.253581316,28.02450393,0.101287888,0.561497474,,2.02752,1,1,1
2.02752,5.253581316,28.02450393,0.101287888,0.561497474,,2.02764,1,1,1
2.02764,5.253581316,28.02450393,0.101287888,0.561497474,,2.02776,1,1,1
2.02776,5.253581316,28.02450393,0.101287888,0.561497474,,2.02788,1,1,1
2.02788,5.253581316,28.02450393,0.101287888,0.561497474,,2.028,1,1,1
2.028,5.253581316,28.02450393,0.101287888,0.561497474,,2.02812,1,1,1
2.02812,5.253581316,28.02450393,0.101287888,0.561497474,,2.02824,1,1,1
2.02824,5.245740257,28.02482463,0.097014442,0.537711268,,2.02836,1,1,1
2.02836,5.245740257,28.02482463,0.097014442,0.537711268,,2.02848,1,1,1
2.02848,5.245740257,28.02482463,0.097014442,0.537711268,,2.0286,1,1,1
2.0286,5.245740257,28.02482463,0.097014442,0.537711268,,2.02872,1,1,1
2.02872,5.245740257,28.02482463,0.097014442,0.537711268,,2.02884,1,1,1
2.02884,5.245740257,28.02482463,0.097014442,0.537711268,,2.02896,1,1,1
2.02896,5.245740257,28.02482463,0.097014442,0.537711268,,2.02908,1,1,1
2.02908,5.245740257,28.02482463,0.097014442,0.537711268,,2.0292,1,1,1
2.0292,5.245370193,28.02543575,0.092159938,0.510772991,,2.02932,1,1,1
2.02932,5.245370193,28.02543575,0.092159938,0.510772991,,2.02944,1,1,1
2.02944,5.245370193,28.02543575,0.092159938,0.510772991,,2.02956,1,1,1
2.02956,5.245370193,28.02543575,0.092159938,0.510772991,,2.02968,1,1,1
2.02968,5.245370193,28.02543575,0.092159938,0.510772991,,2.0298,1,1,1
2.0298,5.245370193,28.02543575,0.092159938,0.510772991,,2.02992,1,1,1
2.02992,5.245370193,28.02543575,0.092159938,0.510772991,,2.03004,1,1,1
2.03004,5.245370193,28.02543575,0.092159938,0.510772991,,2.03016,1,1,1
2.03016,5.245370193,28.02543575,0.092159938,0.510772991,,2.03028,1,1,1
2.03028,5.236718581,28.02606077,0.087156705,0.483079312,,2.0304,1,1,1
2.0304,5.236718581,28.02606077,0.087156705,0.483079312,,2.03052,1,1,1
2.03052,5.236718581,28.02606077,0.087156705,0.483079312,,2.03064,1,1,1
2.03064,5.236718581,28.02606077,0.087156705,0.483079312,,2.03076,1,1,1
2.03076,5.236718581,28.02606077,0.087156705,0.483079312,,2.03088,1,1,1
2.03088,5.236718581,28.02606077,0.087156705,0.483079312,,2.031,1,1,1
2.031,5.236718581,28.02606077,0.087156705,0.483079312,,2.03112,1,1,1
2.03112,5.236718581,28.02606077,0.087156705,0.483079312,,2.03124,1,1,1
2.03124,5.236718581,28.02606077,0.087156705,0.483079312,,2.03136,1,1,1
2.03136,5.225452111,28.02659609,0.083393421,0.462307346,,2.03148,1,1,1
2.03148,5.225452111,28.02659609,0.083393421,0.462307346,,2.0316,1,1,1
2.0316,5.225452111,28.02659609,0.083393421,0.462307346,,2.03172,1,1,1
2.03172,5.225452111,28.02659609,0.083393421,0.462307346,,2.03184,1,1,1
2.03184,5.225452111,28.02659609,0.083393421,0.462307346,,2.03196,1,1,1
2.03196,5.225452111,28.02659609,0.083393421,0.462307346,,2.03208,1,1,1
2.03208,5.225452111,28.02659609,0.083393421,0.462307346,,2.0322,1,1,1
2.0322,5.225452111,28.02659609,0.083393421,0.462307346,,2.03232,1,1,1
2.03232,5.222310855,28.02699865,0.080926991,0.448754722,,2.03244,1,1,1
2.03244,5.222310855,28.02699865,0.080926991,0.448754722,,2.03256,1,1,1
2.03256,5.222310855,28.02699865,0.080926991,0.448754722,,2.03268,1,1,1
2.03268,5.222310855,28.02699865,0.080926991,0.448754722,,2.0328,1,1,1
2.0328,5.222310855,28.02699865,0.080926991,0.448754722,,2.03292,1,1,1
2.03292,5.222310855,28.02699865,0.080926991,0.448754722,,2.03304,1,1,1
2.03304,5.222310855,28.02699865,0.080926991,0.448754722,,2.03316,1,1,1
2.03316,5.222310855,28.02699865,0.080926991,0.448754722,,2.03328,1,1,1
2.03328,5.222310855,28.02699865,0.080926991,0.448754722,,2.0334,1,1,1
2.0334,5.216865911,28.02722782,0.079924821,0.443325857,,2.03352,1,1,1
2.03352,5.216865911,28.02722782,0.079924821,0.443325857,,2.03364,1,1,1
2.03364,5.216865911,28.02722782,0.079924821,0.443325857,,2.03376,1,1,1
2.03376,5.216865911,28.02722782,0.079924821,0.443325857,,2.03388,1,1,1
2.03388,5.216865911,28.02722782,0.079924821,0.443325857,,2.034,1,1,1
2.034,5.216865911,28.02722782,0.079924821,0.443325857,,2.03412,1,1,1
2.03412,5.216865911,28.02722782,0.079924821,0.443325857,,2.03424,1,1,1
2.03424,5.216865911,28.02722782,0.079924821,0.443325857,,2.03436,1,1,1
2.03436,5.216865911,28.02722782,0.079924821,0.443325857,,2.03448,1,1,1
2.03448,5.212738393,28.0272264,0.08030589,0.445531968,,2.0346,1,1,1
2.0346,5.212738393,28.0272264,0.08030589,0.445531968,,2.03472,1,1,1
2.03472,5.212738393,28.0272264,0.08030589,0.445531968,,2.03484,1,1,1
2.03484,5.212738393,28.0272264,0.08030589,0.445531968,,2.03496,1,1,1
2.03496,5.212738393,28.0272264,0.08030589,0.445531968,,2.03508,1,1,1
2.03508,5.212738393,28.0272264,0.08030589,0.445531968,,2.0352,1,1,1
2.0352,5.212738393,28.0272264,0.08030589,0.445531968,,2.03532,1,1,1
2.03532,5.212738393,28.0272264,0.08030589,0.445531968,,2.03544,1,1,1
2.03544,5.21111883,28.0269354,0.081495315,0.452172329,,2.03556,1,1,1
2.03556,5.21111883,28.0269354,0.081495315,0.452172329,,2.03568,1,1,1
2.03568,5.21111883,28.0269354,0.081495315,0.452172329,,2.0358,1,1,1
2.0358,5.21111883,28.0269354,0.081495315,0.452172329,,2.03592,1,1,1
2.03592,5.21111883,28.0269354,0.081495315,0.452172329,,2.03604,1,1,1
2.03604,5.21111883,28.0269354,0.081495315,0.452172329,,2.03616,1,1,1
2.03616,5.21111883,28.0269354,0.081495315,0.452172329,,2.03628,1,1,1
2.03628,5.21111883,28.0269354,0.081495315,0.452172329,,2.0364,1,1,1
2.0364,5.21111883,28.0269354,0.081495315,0.452172329,,2.03652,1,1,1
2.03652,5.212731782,28.02647927,0.082807325,0.459448652,,2.03664,1,1,1
2.03664,5.212731782,28.02647927,0.082807325,0.459448652,,2.03676,1,1,1
2.03676,5.212731782,28.02647927,0.082807325,0.459448652,,2.03688,1,1,1
2.03688,5.212731782,28.02647927,0.082807325,0.459448652,,2.037,1,1,1
2.037,5.212731782,28.02647927,0.082807325,0.459448652,,2.03712,1,1,1
2.03712,5.212731782,28.02647927,0.082807325,0.459448652,,2.03724,1,1,1
2.03724,5.212731782,28.02647927,0.082807325,0.459448652,,2.03736,1,1,1
2.03736,5.212731782,28.02647927,0.082807325,0.459448652,,2.03748,1,1,1
2.03748,5.212731782,28.02647927,0.082807325,0.459448652,,2.0376,1,1,1
2.0376,5.217910645,28.02604925,0.083615687,0.463905877,,2.03772,1,1,1
2.03772,5.217910645,28.02604925,0.083615687,0.463905877,,2.03784,1,1,1
2.03784,5.217910645,28.02604925,0.083615687,0.463905877,,2.03796,1,1,1
2.03796,5.217910645,28.02604925,0.083615687,0.463905877,,2.03808,1,1,1
2.03808,5.217910645,28.02604925,0.083615687,0.463905877,,2.0382,1,1,1
2.0382,5.217910645,28.02604925,0.083615687,0.463905877,,2.03832,1,1,1
2.03832,5.217910645,28.02604925,0.083615687,0.463905877,,2.03844,1,1,1
2.03844,5.217910645,28.02604925,0.083615687,0.463905877,,2.03856,1,1,1
2.03856,5.221628919,28.0259386,0.083630041,0.463956065,,2.03868,1,1,1
2.03868,5.221628919,28.0259386,0.083630041,0.463956065,,2.0388,1,1,1
2.0388,5.221628919,28.0259386,0.083630041,0.463956065,,2.03892,1,1,1
2.03892,5.221628919,28.0259386,0.083630041,0.463956065,,2.03904,1,1,1
2.03904,5.221628919,28.0259386,0.083630041,0.463956065,,2.03916,1,1,1
2.03916,5.221628919,28.0259386,0.083630041,0.463956065,,2.03928,1,1,1
2.03928,5.221628919,28.0259386,0.083630041,0.463956065,,2.0394,1,1,1
2.0394,5.221628919,28.0259386,0.083630041,0.463956065,,2.03952,1,1,1
2.03952,5.221628919,28.0259386,0.083630041,0.463956065,,2.03964,1,1,1
2.03964,5.217625477,28.0261958,0.083332879,0.462280317,,2.03976,1,1,1
2.03976,5.217625477,28.0261958,0.083332879,0.462280317,,2.03988,1,1,1
2.03988,5.217625477,28.0261958,0.083332879,0.462280317,,2.04,1,1,1
2.04,5.217625477,28.0261958,0.083332879,0.462280317,,2.04012,1,1,1
2.04012,5.217625477,28.0261958,0.083332879,0.462280317,,2.04024,1,1,1
2.04024,5.217625477,28.0261958,0.083332879,0.462280317,,2.04036,1,1,1
2.04036,5.217625477,28.0261958,0.083332879,0.462280317,,2.04048,1,1,1
2.04048,5.217625477,28.0261958,0.083332879,0.462280317,,2.0406,1,1,1
2.0406,5.217625477,28.0261958,0.083332879,0.462280317,,2.04072,1,1,1
2.04072,5.217956985,28.02672013,0.082899101,0.45985069,,2.04084,1,1,1
2.04084,5.217956985,28.02672013,0.082899101,0.45985069,,2.04096,1,1,1
2.04096,5.217956985,28.02672013,0.082899101,0.45985069,,2.04108,1,1,1
2.04108,5.217956985,28.02672013,0.082899101,0.45985069,,2.0412,1,1,1
2.0412,5.217956985,28.02672013,0.082899101,0.45985069,,2.04132,1,1,1
2.04132,5.217956985,28.02672013,0.082899101,0.45985069,,2.04144,1,1,1
2.04144,5.217956985,28.02672013,0.082899101,0.45985069,,2.04156,1,1,1
2.04156,5.217956985,28.02672013,0.082899101,0.45985069,,2.04168,1,1,1
2.04168,5.216877967,28.02729125,0.082364727,0.456884977,,2.0418,1,1,1
2.0418,5.216877967,28.02729125,0.082364727,0.456884977,,2.04192,1,1,1
2.04192,5.216877967,28.02729125,0.082364727,0.456884977,,2.04204,1,1,1
2.04204,5.216877967,28.02729125,0.082364727,0.456884977,,2.04216,1,1,1
2.04216,5.216877967,28.02729125,0.082364727,0.456884977,,2.04228,1,1,1
2.04228,5.216877967,28.02729125,0.082364727,0.456884977,,2.0424,1,1,1
2.0424,5.216877967,28.02729125,0.082364727,0.456884977,,2.04252,1,1,1
2.04252,5.216877967,28.02729125,0.082364727,0.456884977,,2.04264,1,1,1
2.04264,5.216877967,28.02729125,0.082364727,0.456884977,,2.04276,1,1,1
2.04276,5.211677453,28.02755614,0.082114265,0.455496303,,2.04288,1,1,1
2.04288,5.211677453,28.02755614,0.082114265,0.455496303,,2.043,1,1,1
2.043,5.211677453,28.02755614,0.082114265,0.455496303,,2.04312,1,1,1
2.04312,5.211677453,28.02755614,0.082114265,0.455496303,,2.04324,1,1,1
2.04324,5.211677453,28.02755614,0.082114265,0.455496303,,2.04336,1,1,1
2.04336,5.211677453,28.02755614,0.082114265,0.455496303,,2.04348,1,1,1
2.04348,5.211677453,28.02755614,0.082114265,0.455496303,,2.0436,1,1,1
2.0436,5.211677453,28.02755614,0.082114265,0.455496303,,2.04372,1,1,1
2.04372,5.211677453,28.02755614,0.082114265,0.455496303,,2.04384,1,1,1
2.04384,5.20748723,28.02743469,0.08203633,0.455051963,,2.04396,1,1,1
2.04396,5.20748723,28.02743469,0.08203633,0.455051963,,2.04408,1,1,1
2.04408,5.20748723,28.02743469,0.08203633,0.455051963,,2.0442,1,1,1
2.0442,5.20748723,28.02743469,0.08203633,0.455051963,,2.04432,1,1,1
2.04432,5.20748723,28.02743469,0.08203633,0.455051963,,2.04444,1,1,1
2.04444,5.20748723,28.02743469,0.08203633,0.455051963,,2.04456,1,1,1
2.04456,5.20748723,28.02743469,0.08203633,0.455051963,,2.04468,1,1,1
2.04468,5.20748723,28.02743469,0.08203633,0.455051963,,2.0448,1,1,1
2.0448,5.203306322,28.02706731,0.082048909,0.455101785,,2.04492,1,1,1
2.04492,5.203306322,28.02706731,0.082048909,0.455101785,,2.04504,1,1,1
2.04504,5.203306322,28.02706731,0.082048909,0.455101785,,2.04516,1,1,1
2.04516,5.203306322,28.02706731,0.082048909,0.455101785,,2.04528,1,1,1
2.04528,5.203306322,28.02706731,0.082048909,0.455101785,,2.0454,1,1,1
2.0454,5.203306322,28.02706731,0.082048909,0.455101785,,2.04552,1,1,1
2.04552,5.203306322,28.02706731,0.082048909,0.455101785,,2.04564,1,1,1
2.04564,5.203306322,28.02706731,0.082048909,0.455101785,,2.04576,1,1,1
2.04576,5.203306322,28.02706731,0.082048909,0.455101785,,2.04588,1,1,1
2.04588,5.201002981,28.02673731,0.082039062,0.455020615,,2.046,1,1,1
2.046,5.201002981,28.02673731,0.082039062,0.455020615,,2.04612,1,1,1
2.04612,5.201002981,28.02673731,0.082039062,0.455020615,,2.04624,1,1,1
2.04624,5.201002981,28.02673731,0.082039062,0.455020615,,2.04636,1,1,1
2.04636,5.201002981,28.02673731,0.082039062,0.455020615,,2.04648,1,1,1
2.04648,5.201002981,28.02673731,0.082039062,0.455020615,,2.0466,1,1,1
2.0466,5.201002981,28.02673731,0.082039062,0.455020615,,2.04672,1,1,1
2.04672,5.201002981,28.02673731,0.082039062,0.455020615,,2.04684,1,1,1
2.04684,5.201002981,28.02673731,0.082039062,0.455020615,,2.04696,1,1,1
2.04696,5.202151788,28.02669236,0.081709966,0.453168981,,2.04708,1,1,1
2.04708,5.202151788,28.02669236,0.081709966,0.453168981,,2.0472,1,1,1
2.0472,5.202151788,28.02669236,0.081709966,0.453168981,,2.04732,1,1,1
2.04732,5.202151788,28.02669236,0.081709966,0.453168981,,2.04744,1,1,1
2.04744,5.202151788,28.02669236,0.081709966,0.453168981,,2.04756,1,1,1
2.04756,5.202151788,28.02669236,0.081709966,0.453168981,,2.04768,1,1,1
2.04768,5.202151788,28.02669236,0.081709966,0.453168981,,2.0478,1,1,1
2.0478,5.202151788,28.02669236,0.081709966,0.453168981,,2.04792,1,1,1
2.04792,5.201679724,28.02704651,0.081048571,0.449486207,,2.04804,1,1,1
2.04804,5.201679724,28.02704651,0.081048571,0.449486207,,2.04816,1,1,1
2.04816,5.201679724,28.02704651,0.081048571,0.449486207,,2.04828,1,1,1
2.04828,5.201679724,28.02704651,0.081048571,0.449486207,,2.0484,1,1,1
2.0484,5.201679724,28.02704651,0.081048571,0.449486207,,2.04852,1,1,1
2.04852,5.201679724,28.02704651,0.081048571,0.449486207,,2.04864,1,1,1
2.04864,5.201679724,28.02704651,0.081048571,0.449486207,,2.04876,1,1,1
2.04876,5.201679724,28.02704651,0.081048571,0.449486207,,2.04888,1,1,1
2.04888,5.201679724,28.02704651,0.081048571,0.449486207,,2.049,1,1,1
2.049,5.198535794,28.0275848,0.080422259,0.44600943,,2.04912,1,1,1
2.04912,5.198535794,28.0275848,0.080422259,0.44600943,,2.04924,1,1,1
2.04924,5.198535794,28.0275848,0.080422259,0.44600943,,2.04936,1,1,1
2.04936,5.198535794,28.0275848,0.080422259,0.44600943,,2.04948,1,1,1
2.04948,5.198535794,28.0275848,0.080422259,0.44600943,,2.0496,1,1,1
2.0496,5.198535794,28.0275848,0.080422259,0.44600943,,2.04972,1,1,1
2.04972,5.198535794,28.0275848,0.080422259,0.44600943,,2.04984,1,1,1
2.04984,5.198535794,28.0275848,0.080422259,0.44600943,,2.04996,1,1,1
2.04996,5.198535794,28.0275848,0.080422259,0.44600943,,2.05008,1,1,1
2.05008,5.195561648,28.02798683,0.080034429,0.443863754,,2.0502,1,1,1
2.0502,5.195561648,28.02798683,0.080034429,0.443863754,,2.05032,1,1,1
2.05032,5.195561648,28.02798683,0.080034429,0.443863754,,2.05044,1,1,1
2.05044,5.195561648,28.02798683,0.080034429,0.443863754,,2.05056,1,1,1
2.05056,5.195561648,28.02798683,0.080034429,0.443863754,,2.05068,1,1,1
2.05068,5.195561648,28.02798683,0.080034429,0.443863754,,2.0508,1,1,1
2.0508,5.195561648,28.02798683,0.080034429,0.443863754,,2.05092,1,1,1
2.05092,5.195561648,28.02798683,0.080034429,0.443863754,,2.05104,1,1,1
2.05104,5.195561648,28.02798683,0.080034429,0.443863754,,2.05116,1,1,1
2.05116,5.191767897,28.02806478,0.080001159,0.443686702,,2.05128,1,1,1
2.05128,5.191767897,28.02806478,0.080001159,0.443686702,,2.0514,1,1,1
2.0514,5.191767897,28.02806478,0.080001159,0.443686702,,2.05152,1,1,1
2.05152,5.191767897,28.02806478,0.080001159,0.443686702,,2.05164,1,1,1
2.05164,5.191767897,28.02806478,0.080001159,0.443686702,,2.05176,1,1,1
2.05176,5.191767897,28.02806478,0.080001159,0.443686702,,2.05188,1,1,1
2.05188,5.191767897,28.02806478,0.080001159,0.443686702,,2.052,1,1,1
2.052,5.191767897,28.02806478,0.080001159,0.443686702,,2.05212,1,1,1
2.05212,5.189139012,28.02783377,0.080236332,0.444988047,,2.05224,1,1,1
2.05224,5.189139012,28.02783377,0.080236332,0.444988047,,2.05236,1,1,1
2.05236,5.189139012,28.02783377,0.080236332,0.444988047,,2.05248,1,1,1
2.05248,5.189139012,28.02783377,0.080236332,0.444988047,,2.0526,1,1,1
2.0526,5.189139012,28.02783377,0.080236332,0.444988047,,2.05272,1,1,1
2.05272,5.189139012,28.02783377,0.080236332,0.444988047,,2.05284,1,1,1
2.05284,5.189139012,28.02783377,0.080236332,0.444988047,,2.05296,1,1,1
2.05296,5.189139012,28.02783377,0.080236332,0.444988047,,2.05308,1,1,1
2.05308,5.189139012,28.02783377,0.080236332,0.444988047,,2.0532,1,1,1
2.0532,5.187767924,28.02749023,0.080512165,0.446504938,,2.05332,1,1,1
2.05332,5.187767924,28.02749023,0.080512165,0.446504938,,2.05344,1,1,1
2.05344,5.187767924,28.02749023,0.080512165,0.446504938,,2.05356,1,1,1
2.05356,5.187767924,28.02749023,0.080512165,0.446504938,,2.05368,1,1,1
2.05368,5.187767924,28.02749023,0.080512165,0.446504938,,2.0538,1,1,1
2.0538,5.187767924,28.02749023,0.080512165,0.446504938,,2.05392,1,1,1
2.05392,5.187767924,28.02749023,0.080512165,0.446504938,,2.05404,1,1,1
2.05404,5.187767924,28.02749023,0.080512165,0.446504938,,2.05416,1,1,1
2.05416,5.187767924,28.02749023,0.080512165,0.446504938,,2.05428,1,1,1
2.05428,5.186801577,28.02721901,0.080756031,0.447840605,,2.0544,1,1,1
2.0544,5.186801577,28.02721901,0.080756031,0.447840605,,2.05452,1,1,1
2.05452,5.186801577,28.02721901,0.080756031,0.447840605,,2.05464,1,1,1
2.05464,5.186801577,28.02721901,0.080756031,0.447840605,,2.05476,1,1,1
2.05476,5.186801577,28.02721901,0.080756031,0.447840605,,2.05488,1,1,1
2.05488,5.186801577,28.02721901,0.080756031,0.447840605,,2.055,1,1,1
2.055,5.186801577,28.02721901,0.080756031,0.447840605,,2.05512,1,1,1
2.05512,5.186801577,28.02721901,0.080756031,0.447840605,,2.05524,1,1,1
2.05524,5.186525512,28.02707611,0.080918997,0.448728005,,2.05536,1,1,1
2.05536,5.186525512,28.02707611,0.080918997,0.448728005,,2.05548,1,1,1
2.05548,5.186525512,28.02707611,0.080918997,0.448728005,,2.0556,1,1,1
2.0556,5.186525512,28.02707611,0.080918997,0.448728005,,2.05572,1,1,1
2.05572,5.186525512,28.02707611,0.080918997,0.448728005,,2.05584,1,1,1
2.05584,5.186525512,28.02707611,0.080918997,0.448728005,,2.05596,1,1,1
2.05596,5.186525512,28.02707611,0.080918997,0.448728005,,2.05608,1,1,1
2.05608,5.186525512,28.02707611,0.080918997,0.448728005,,2.0562,1,1,1
2.0562,5.186525512,28.02707611,0.080918997,0.448728005,,2.05632,1,1,1
2.05632,5.185190327,28.02699816,0.081043121,0.449403263,,2.05644,1,1,1
2.05644,5.185190327,28.02699816,0.081043121,0.449403263,,2.05656,1,1,1
2.05656,5.185190327,28.02699816,0.081043121,0.449403263,,2.05668,1,1,1
2.05668,5.185190327,28.02699816,0.081043121,0.449403263,,2.0568,1,1,1
2.0568,5.185190327,28.02699816,0.081043121,0.449403263,,2.05692,1,1,1
2.05692,5.185190327,28.02699816,0.081043121,0.449403263,,2.05704,1,1,1
2.05704,5.185190327,28.02699816,0.081043121,0.449403263,,2.05716,1,1,1
2.05716,5.185190327,28.02699816,0.081043121,0.449403263,,2.05728,1,1,1
2.05728,5.185190327,28.02699816,0.081043121,0.449403263,,2.0574,1,1,1
2.0574,5.182543124,28.02687368,0.081256424,0.450572866,,2.05752,1,1,1
2.05752,5.182543124,28.02687368,0.081256424,0.450572866,,2.05764,1,1,1
2.05764,5.182543124,28.02687368,0.081256424,0.450572866,,2.05776,1,1,1
2.05776,5.182543124,28.02687368,0.081256424,0.450572866,,2.05788,1,1,1
2.05788,5.182543124,28.02687368,0.081256424,0.450572866,,2.058,1,1,1
2.058,5.182543124,28.02687368,0.081256424,0.450572866,,2.05812,1,1,1
2.05812,5.182543124,28.02687368,0.081256424,0.450572866,,2.05824,1,1,1
2.05824,5.182543124,28.02687368,0.081256424,0.450572866,,2.05836,1,1,1
2.05836,5.180808205,28.02663579,0.081532553,0.452086778,,2.05848,1,1,1
2.05848,5.180808205,28.02663579,0.081532553,0.452086778,,2.0586,1,1,1
2.0586,5.180808205,28.02663579,0.081532553,0.452086778,,2.05872,1,1,1
2.05872,5.180808205,28.02663579,0.081532553,0.452086778,,2.05884,1,1,1
2.05884,5.180808205,28.02663579,0.081532553,0.452086778,,2.05896,1,1,1
2.05896,5.180808205,28.02663579,0.081532553,0.452086778,,2.05908,1,1,1
2.05908,5.180808205,28.02663579,0.081532553,0.452086778,,2.0592,1,1,1
2.0592,5.180808205,28.02663579,0.081532553,0.452086778,,2.05932,1,1,1
2.05932,5.180808205,28.02663579,0.081532553,0.452086778,,2.05944,1,1,1
2.05944,5.180143198,28.0263578,0.081745896,0.453250578,,2.05956,1,1,1
2.05956,5.180143198,28.0263578,0.081745896,0.453250578,,2.05968,1,1,1
2.05968,5.180143198,28.0263578,0.081745896,0.453250578,,2.0598,1,1,1
2.0598,5.180143198,28.0263578,0.081745896,0.453250578,,2.05992,1,1,1
2.05992,5.180143198,28.0263578,0.081745896,0.453250578,,2.06004,1,1,1
2.06004,5.180143198,28.0263578,0.081745896,0.453250578,,2.06016,1,1,1
2.06016,5.180143198,28.0263578,0.081745896,0.453250578,,2.06028,1,1,1
2.06028,5.180143198,28.0263578,0.081745896,0.453250578,,2.0604,1,1,1
2.0604,5.180143198,28.0263578,0.081745896,0.453250578,,2.06052,1,1,1
2.06052,5.18034656,28.0261445,0.081811248,0.453594412,,2.06064,1,1,1
2.06064,5.18034656,28.0261445,0.081811248,0.453594412,,2.06076,1,1,1
2.06076,5.18034656,28.0261445,0.081811248,0.453594412,,2.06088,1,1,1
2.06088,5.18034656,28.0261445,0.081811248,0.453594412,,2.061,1,1,1
2.061,5.18034656,28.0261445,0.081811248,0.453594412,,2.06112,1,1,1
2.06112,5.18034656,28.0261445,0.081811248,0.453594412,,2.06124,1,1,1
2.06124,5.18034656,28.0261445,0.081811248,0.453594412,,2.06136,1,1,1
2.06136,5.18034656,28.0261445,0.081811248,0.453594412,,2.06148,1,1,1
2.06148,5.180837502,28.0260674,0.081694654,0.45293489,,2.0616,1,1,1
2.0616,5.180837502,28.0260674,0.081694654,0.45293489,,2.06172,1,1,1
2.06172,5.180837502,28.0260674,0.081694654,0.45293489,,2.06184,1,1,1
2.06184,5.180837502,28.0260674,0.081694654,0.45293489,,2.06196,1,1,1
2.06196,5.180837502,28.0260674,0.081694654,0.45293489,,2.06208,1,1,1
2.06208,5.180837502,28.0260674,0.081694654,0.45293489,,2.0622,1,1,1
2.0622,5.180837502,28.0260674,0.081694654,0.45293489,,2.06232,1,1,1
2.06232,5.180837502,28.0260674,0.081694654,0.45293489,,2.06244,1,1,1
2.06244,5.180837502,28.0260674,0.081694654,0.45293489,,2.06256,1,1,1
2.06256,5.180033663,28.02607357,0.081548573,0.45212162,,2.06268,1,1,1
2.06268,5.180033663,28.02607357,0.081548573,0.45212162,,2.0628,1,1,1
2.0628,5.180033663,28.02607357,0.081548573,0.45212162,,2.06292,1,1,1
2.06292,5.180033663,28.02607357,0.081548573,0.45212162,,2.06304,1,1,1
2.06304,5.180033663,28.02607357,0.081548573,0.45212162,,2.06316,1,1,1
2.06316,5.180033663,28.02607357,0.081548573,0.45212162,,2.06328,1,1,1
2.06328,5.180033663,28.02607357,0.081548573,0.45212162,,2.0634,1,1,1
2.0634,5.180033663,28.02607357,0.081548573,0.45212162,,2.06352,1,1,1
2.06352,5.180033663,28.02607357,0.081548573,0.45212162,,2.06364,1,1,1
2.06364,5.17837149,28.02600894,0.081560145,0.452189019,,2.06376,1,1,1
2.06376,5.17837149,28.02600894,0.081560145,0.452189019,,2.06388,1,1,1
2.06388,5.17837149,28.02600894,0.081560145,0.452189019,,2.064,1,1,1
2.064,5.17837149,28.02600894,0.081560145,0.452189019,,2.06412,1,1,1
2.06412,5.17837149,28.02600894,0.081560145,0.452189019,,2.06424,1,1,1
2.06424,5.17837149,28.02600894,0.081560145,0.452189019,,2.06436,1,1,1
2.06436,5.17837149,28.02600894,0.081560145,0.452189019,,2.06448,1,1,1
2.06448,5.17837149,28.02600894,0.081560145,0.452189019,,2.0646,1,1,1
2.0646,5.176228959,28.02576158,0.081799909,0.453520895,,2.06472,1,1,1
2.06472,5.176228959,28.02576158,0.081799909,0.453520895,,2.06484,1,1,1
2.06484,5.176228959,28.02576158,0.081799909,0.453520895,,2.06496,1,1,1
2.06496,5.176228959,28.02576158,0.081799909,0.453520895,,2.06508,1,1,1
2.06508,5.176228959,28.02576158,0.081799909,0.453520895,,2.0652,1,1,1
2.0652,5.176228959,28.02576158,0.081799909,0.453520895,,2.06532,1,1,1
2.06532,5.176228959,28.02576158,0.081799909,0.453520895,,2.06544,1,1,1
2.06544,5.176228959,28.02576158,0.081799909,0.453520895,,2.06556,1,1,1
2.06556,5.176228959,28.02576158,0.081799909,0.453520895,,2.06568,1,1,1
2.06568,5.174700029,28.02536222,0.082203891,0.455755158,,2.0658,1,1,1
2.0658,5.174700029,28.02536222,0.082203891,0.455755158,,2.06592,1,1,1
2.06592,5.174700029,28.02536222,0.082203891,0.455755158,,2.06604,1,1,1
2.06604,5.174700029,28.02536222,0.082203891,0.455755158,,2.06616,1,1,1
2.06616,5.174700029,28.02536222,0.082203891,0.455755158,,2.06628,1,1,1
2.06628,5.174700029,28.02536222,0.082203891,0.455755158,,2.0664,1,1,1
2.0664,5.174700029,28.02536222,0.082203891,0.455755158,,2.06652,1,1,1
2.06652,5.174700029,28.02536222,0.082203891,0.455755158,,2.06664,1,1,1
2.06664,5.174700029,28.02536222,0.082203891,0.455755158,,2.06676,1,1,1
2.06676,5.175064744,28.024983,0.082553454,0.457678748,,2.06688,1,1,1
2.06688,5.175064744,28.024983,0.082553454,0.457678748,,2.067,1,1,1
2.067,5.175064744,28.024983,0.082553454,0.457678748,,2.06712,1,1,1
2.06712,5.175064744,28.024983,0.082553454,0.457678748,,2.06724,1,1,1
2.06724,5.175064744,28.024983,0.082553454,0.457678748,,2.06736,1,1,1
2.06736,5.175064744,28.024983,0.082553454,0.457678748,,2.06748,1,1,1
2.06748,5.175064744,28.024983,0.082553454,0.457678748,,2.0676,1,1,1
2.0676,5.175064744,28.024983,0.082553454,0.457678748,,2.06772,1,1,1
2.06772,5.176415458,28.02478884,0.082670706,0.45831211,,2.06784,1,1,1
2.06784,5.176415458,28.02478884,0.082670706,0.45831211,,2.06796,1,1,1
2.06796,5.176415458,28.02478884,0.082670706,0.45831211,,2.06808,1,1,1
2.06808,5.176415458,28.02478884,0.082670706,0.45831211,,2.0682,1,1,1
2.0682,5.176415458,28.02478884,0.082670706,0.45831211,,2.06832,1,1,1
2.06832,5.176415458,28.02478884,0.082670706,0.45831211,,2.06844,1,1,1
2.06844,5.176415458,28.02478884,0.082670706,0.45831211,,2.06856,1,1,1
2.06856,5.176415458,28.02478884,0.082670706,0.45831211,,2.06868,1,1,1
2.06868,5.176415458,28.02478884,0.082670706,0.45831211,,2.0688,1,1,1
2.0688,5.177584931,28.02481465,0.082552986,0.457647596,,2.06892,1,1,1
2.06892,5.177584931,28.02481465,0.082552986,0.457647596,,2.06904,1,1,1
2.06904,5.177584931,28.02481465,0.082552986,0.457647596,,2.06916,1,1,1
2.06916,5.177584931,28.02481465,0.082552986,0.457647596,,2.06928,1,1,1
2.06928,5.177584931,28.02481465,0.082552986,0.457647596,,2.0694,1,1,1
2.0694,5.177584931,28.02481465,0.082552986,0.457647596,,2.06952,1,1,1
2.06952,5.177584931,28.02481465,0.082552986,0.457647596,,2.06964,1,1,1
2.06964,5.177584931,28.02481465,0.082552986,0.457647596,,2.06976,1,1,1
2.06976,5.177584931,28.02481465,0.082552986,0.457647596,,2.06988,1,1,1
2.06988,5.17798866,28.02497496,0.082310883,0.456302137,,2.07,1,1,1
2.07,5.17798866,28.02497496,0.082310883,0.456302137,,2.07012,1,1,1
2.07012,5.17798866,28.02497496,0.082310883,0.456302137,,2.07024,1,1,1
2.07024,5.17798866,28.02497496,0.082310883,0.456302137,,2.07036,1,1,1
2.07036,5.17798866,28.02497496,0.082310883,0.456302137,,2.07048,1,1,1
2.07048,5.17798866,28.02497496,0.082310883,0.456302137,,2.0706,1,1,1
2.0706,5.17798866,28.02497496,0.082310883,0.456302137,,2.07072,1,1,1
2.07072,5.17798866,28.02497496,0.082310883,0.456302137,,2.07084,1,1,1
2.07084,5.176962408,28.02512137,0.082123165,0.455266126,,2.07096,1,1,1
2.07096,5.176962408,28.02512137,0.082123165,0.455266126,,2.07108,1,1,1
2.07108,5.176962408,28.02512137,0.082123165,0.455266126,,2.0712,1,1,1
2.0712,5.176962408,28.02512137,0.082123165,0.455266126,,2.07132,1,1,1
2.07132,5.176962408,28.02512137,0.082123165,0.455266126,,2.07144,1,1,1
2.07144,5.176962408,28.02512137,0.082123165,0.455266126,,2.07156,1,1,1
2.07156,5.176962408,28.02512137,0.082123165,0.455266126,,2.07168,1,1,1
2.07168,5.176962408,28.02512137,0.082123165,0.455266126,,2.0718,1,1,1
2.0718,5.176962408,28.02512137,0.082123165,0.455266126,,2.07192,1,1,1
2.07192,5.175162084,28.02511679,0.08212838,0.455301238,,2.07204,1,1,1
2.07204,5.175162084,28.02511679,0.08212838,0.455301238,,2.07216,1,1,1
2.07216,5.175162084,28.02511679,0.08212838,0.455301238,,2.07228,1,1,1
2.07228,5.175162084,28.02511679,0.08212838,0.455301238,,2.0724,1,1,1
2.0724,5.175162084,28.02511679,0.08212838,0.455301238,,2.07252,1,1,1
2.07252,5.175162084,28.02511679,0.08212838,0.455301238,,2.07264,1,1,1
2.07264,5.175162084,28.02511679,0.08212838,0.455301238,,2.07276,1,1,1
2.07276,5.175162084,28.02511679,0.08212838,0.455301238,,2.07288,1,1,1
2.07288,5.175162084,28.02511679,0.08212838,0.455301238,,2.073,1,1,1
2.073,5.1739979,28.024964,0.082282205,0.456154677,,2.07312,1,1,1
2.07312,5.1739979,28.024964,0.082282205,0.456154677,,2.07324,1,1,1
2.07324,5.1739979,28.024964,0.082282205,0.456154677,,2.07336,1,1,1
2.07336,5.1739979,28.024964,0.082282205,0.456154677,,2.07348,1,1,1
2.07348,5.1739979,28.024964,0.082282205,0.456154677,,2.0736,1,1,1
2.0736,5.1739979,28.024964,0.082282205,0.456154677,,2.07372,1,1,1
2.07372,5.1739979,28.024964,0.082282205,0.456154677,,2.07384,1,1,1
2.07384,5.1739979,28.024964,0.082282205,0.456154677,,2.07396,1,1,1
2.07396,5.173875653,28.02480351,0.082425798,0.456943764,,2.07408,1,1,1
2.07408,5.173875653,28.02480351,0.082425798,0.456943764,,2.0742,1,1,1
2.0742,5.173875653,28.02480351,0.082425798,0.456943764,,2.07432,1,1,1
2.07432,5.173875653,28.02480351,0.082425798,0.456943764,,2.07444,1,1,1
2.07444,5.173875653,28.02480351,0.082425798,0.456943764,,2.07456,1,1,1
2.07456,5.173875653,28.02480351,0.082425798,0.456943764,,2.07468,1,1,1
2.07468,5.173875653,28.02480351,0.082425798,0.456943764,,2.0748,1,1,1
2.0748,5.173875653,28.02480351,0.082425798,0.456943764,,2.07492,1,1,1
2.07492,5.173875653,28.02480351,0.082425798,0.456943764,,2.07504,1,1,1
2.07504,5.174709043,28.02478441,0.082408652,0.456837457,,2.07516,1,1,1
2.07516,5.174709043,28.02478441,0.082408652,0.456837457,,2.07528,1,1,1
2.07528,5.174709043,28.02478441,0.082408652,0.456837457,,2.0754,1,1,1
2.0754,5.174709043,28.02478441,0.082408652,0.456837457,,2.07552,1,1,1
2.07552,5.174709043,28.02478441,0.082408652,0.456837457,,2.07564,1,1,1
2.07564,5.174709043,28.02478441,0.082408652,0.456837457,,2.07576,1,1,1
2.07576,5.174709043,28.02478441,0.082408652,0.456837457,,2.07588,1,1,1
2.07588,5.174709043,28.02478441,0.082408652,0.456837457,,2.076,1,1,1
2.076,5.174709043,28.02478441,0.082408652,0.456837457,,2.07612,1,1,1
2.07612,5.175359427,28.0231826,0.082191026,0.455622458,,2.07624,1,1,1
2.07624,5.175359427,28.0231826,0.082191026,0.455622458,,2.07636,1,1,1
2.07636,5.175359427,28.0231826,0.082191026,0.455622458,,2.07648,1,1,1
2.07648,5.175359427,28.0231826,0.082191026,0.455622458,,2.0766,1,1,1
2.0766,5.175359427,28.0231826,0.082191026,0.455622458,,2.07672,1,1,1
2.07672,5.175359427,28.0231826,0.082191026,0.455622458,,2.07684,1,1,1
2.07684,5.175359427,28.0231826,0.082191026,0.455622458,,2.07696,1,1,1
2.07696,5.175359427,28.0231826,0.082191026,0.455622458,,2.07708,1,1,1
2.07708,5.175359427,28.0231826,0.082191026,0.455622458,,2.0772,1,1,1
2.0772,5.176971387,28.08019593,0.08232047,0.456368308,,2.07732,1,1,1
2.07732,5.176971387,28.08019593,0.08232047,0.456368308,,2.07744,1,1,1
2.07744,5.176971387,28.08019593,0.08232047,0.456368308,,2.07756,1,1,1
2.07756,5.176971387,28.08019593,0.08232047,0.456368308,,2.07768,1,1,1
2.07768,5.176971387,28.08019593,0.08232047,0.456368308,,2.0778,1,1,1
2.0778,5.176971387,28.08019593,0.08232047,0.456368308,,2.07792,1,1,1
2.07792,5.176971387,28.08019593,0.08232047,0.456368308,,2.07804,1,1,1
2.07804,5.176971387,28.08019593,0.08232047,0.456368308,,2.07816,1,1,1
2.07816,5.236164562,28.56831887,0.085223437,0.472518666,,2.07828,1,1,1
2.07828,5.236164562,28.56831887,0.085223437,0.472518666,,2.0784,1,1,1
2.0784,5.236164562,28.56831887,0.085223437,0.472518666,,2.07852,1,1,1
2.07852,5.236164562,28.56831887,0.085223437,0.472518666,,2.07864,1,1,1
2.07864,5.236164562,28.56831887,0.085223437,0.472518666,,2.07876,1,1,1
2.07876,5.236164562,28.56831887,0.085223437,0.472518666,,2.07888,1,1,1
2.07888,5.236164562,28.56831887,0.085223437,0.472518666,,2.079,1,1,1
2.079,5.236164562,28.56831887,0.085223437,0.472518666,,2.07912,1,1,1
2.07912,5.236164562,28.56831887,0.085223437,0.472518666,,2.07924,1,1,1
2.07924,5.442057688,29.62940555,0.088864843,0.492642474,,2.07936,1,1,1
2.07936,5.442057688,29.62940555,0.088864843,0.492642474,,2.07948,1,1,1
2.07948,5.442057688,29.62940555,0.088864843,0.492642474,,2.0796,1,1,1
2.0796,5.442057688,29.62940555,0.088864843,0.492642474,,2.07972,1,1,1
2.07972,5.442057688,29.62940555,0.088864843,0.492642474,,2.07984,1,1,1
2.07984,5.442057688,29.62940555,0.088864843,0.492642474,,2.07996,1,1,1
2.07996,5.442057688,29.62940555,0.088864843,0.492642474,,2.08008,1,1,1
2.08008,5.442057688,29.62940555,0.088864843,0.492642474,,2.0802,1,1,1
2.0802,5.442057688,29.62940555,0.088864843,0.492642474,,2.08032,1,1,1
2.08032,5.615072861,31.05214047,0.092755973,0.514024311,,2.08044,1,1,1
2.08044,5.615072861,31.05214047,0.092755973,0.514024311,,2.08056,1,1,1
2.08056,5.615072861,31.05214047,0.092755973,0.514024311,,2.08068,1,1,1
2.08068,5.615072861,31.05214047,0.092755973,0.514024311,,2.0808,1,1,1
2.0808,5.615072861,31.05214047,0.092755973,0.514024311,,2.08092,1,1,1
2.08092,5.615072861,31.05214047,0.092755973,0.514024311,,2.08104,1,1,1
2.08104,5.615072861,31.05214047,0.092755973,0.514024311,,2.08116,1,1,1
2.08116,5.615072861,31.05214047,0.092755973,0.514024311,,2.08128,1,1,1
2.08128,5.617914109,32.42057956,0.109578284,0.606689682,,2.0814,1,1,1
2.0814,5.617914109,32.42057956,0.109578284,0.606689682,,2.08152,1,1,1
2.08152,5.617914109,32.42057956,0.109578284,0.606689682,,2.08164,1,1,1
2.08164,5.617914109,32.42057956,0.109578284,0.606689682,,2.08176,1,1,1
2.08176,5.617914109,32.42057956,0.109578284,0.606689682,,2.08188,1,1,1
2.08188,5.617914109,32.42057956,0.109578284,0.606689682,,2.082,1,1,1
2.082,5.617914109,32.42057956,0.109578284,0.606689682,,2.08212,1,1,1
2.08212,5.617914109,32.42057956,0.109578284,0.606689682,,2.08224,1,1,1
2.08224,5.617914109,32.42057956,0.109578284,0.606689682,,2.08236,1,1,1
2.08236,5.725200065,33.36153455,0.133621056,0.73898997,,2.08248,1,1,1
2.08248,5.725200065,33.36153455,0.133621056,0.73898997,,2.0826,1,1,1
2.0826,5.725200065,33.36153455,0.133621056,0.73898997,,2.08272,1,1,1
2.08272,5.725200065,33.36153455,0.133621056,0.73898997,,2.08284,1,1,1
2.08284,5.725200065,33.36153455,0.133621056,0.73898997,,2.08296,1,1,1
2.08296,5.725200065,33.36153455,0.133621056,0.73898997,,2.08308,1,1,1
2.08308,5.725200065,33.36153455,0.133621056,0.73898997,,2.0832,1,1,1
2.0832,5.725200065,33.36153455,0.133621056,0.73898997,,2.08332,1,1,1
2.08332,5.725200065,33.36153455,0.133621056,0.73898997,,2.08344,1,1,1
2.08344,5.728651535,33.76250657,0.157860097,0.87222533,,2.08356,1,1,1
2.08356,5.728651535,33.76250657,0.157860097,0.87222533,,2.08368,1,1,1
2.08368,5.728651535,33.76250657,0.157860097,0.87222533,,2.0838,1,1,1
2.0838,5.728651535,33.76250657,0.157860097,0.87222533,,2.08392,1,1,1
2.08392,5.728651535,33.76250657,0.157860097,0.87222533,,2.08404,1,1,1
2.08404,5.728651535,33.76250657,0.157860097,0.87222533,,2.08416,1,1,1
2.08416,5.728651535,33.76250657,0.157860097,0.87222533,,2.08428,1,1,1
2.08428,5.728651535,33.76250657,0.157860097,0.87222533,,2.0844,1,1,1
2.0844,5.744744699,33.80208047,0.178772916,0.987042556,,2.08452,1,1,1
2.08452,5.744744699,33.80208047,0.178772916,0.987042556,,2.08464,1,1,1
2.08464,5.744744699,33.80208047,0.178772916,0.987042556,,2.08476,1,1,1
2.08476,5.744744699,33.80208047,0.178772916,0.987042556,,2.08488,1,1,1
2.08488,5.744744699,33.80208047,0.178772916,0.987042556,,2.085,1,1,1
2.085,5.744744699,33.80208047,0.178772916,0.987042556,,2.08512,1,1,1
2.08512,5.744744699,33.80208047,0.178772916,0.987042556,,2.08524,1,1,1
2.08524,5.744744699,33.80208047,0.178772916,0.987042556,,2.08536,1,1,1
2.08536,5.744744699,33.80208047,0.178772916,0.987042556,,2.08548,1,1,1
2.08548,5.746804988,33.8777655,0.191475802,1.056602596,,2.0856,1,1,1
2.0856,5.746804988,33.8777655,0.191475802,1.056602596,,2.08572,1,1,1
2.08572,5.746804988,33.8777655,0.191475802,1.056602596,,2.08584,1,1,1
2.08584,5.746804988,33.8777655,0.191475802,1.056602596,,2.08596,1,1,1
2.08596,5.746804988,33.8777655,0.191475802,1.056602596,,2.08608,1,1,1
2.08608,5.746804988,33.8777655,0.191475802,1.056602596,,2.0862,1,1,1
2.0862,5.746804988,33.8777655,0.191475802,1.056602596,,2.08632,1,1,1
2.08632,5.746804988,33.8777655,0.191475802,1.056602596,,2.08644,1,1,1
2.08644,5.746804988,33.8777655,0.191475802,1.056602596,,2.08656,1,1,1
2.08656,5.737136546,34.38531636,0.195506268,1.07838858,,2.08668,1,1,1
2.08668,5.737136546,34.38531636,0.195506268,1.07838858,,2.0868,1,1,1
2.0868,5.737136546,34.38531636,0.195506268,1.07838858,,2.08692,1,1,1
2.08692,5.737136546,34.38531636,0.195506268,1.07838858,,2.08704,1,1,1
2.08704,5.737136546,34.38531636,0.195506268,1.07838858,,2.08716,1,1,1
2.08716,5.737136546,34.38531636,0.195506268,1.07838858,,2.08728,1,1,1
2.08728,5.737136546,34.38531636,0.195506268,1.07838858,,2.0874,1,1,1
2.0874,5.737136546,34.38531636,0.195506268,1.07838858,,2.08752,1,1,1
2.08752,5.787493623,35.46281899,0.192971744,1.064132429,,2.08764,1,1,1
2.08764,5.787493623,35.46281899,0.192971744,1.064132429,,2.08776,1,1,1
2.08776,5.787493623,35.46281899,0.192971744,1.064132429,,2.08788,1,1,1
2.08788,5.787493623,35.46281899,0.192971744,1.064132429,,2.088,1,1,1
2.088,5.787493623,35.46281899,0.192971744,1.064132429,,2.08812,1,1,1
2.08812,5.787493623,35.46281899,0.192971744,1.064132429,,2.08824,1,1,1
2.08824,5.787493623,35.46281899,0.192971744,1.064132429,,2.08836,1,1,1
2.08836,5.787493623,35.46281899,0.192971744,1.064132429,,2.08848,1,1,1
2.08848,5.787493623,35.46281899,0.192971744,1.064132429,,2.0886,1,1,1
2.0886,5.840248156,36.89991605,0.190388882,1.049838031,,2.08872,1,1,1
2.08872,5.840248156,36.89991605,0.190388882,1.049838031,,2.08884,1,1,1
2.08884,5.840248156,36.89991605,0.190388882,1.049838031,,2.08896,1,1,1
2.08896,5.840248156,36.89991605,0.190388882,1.049838031,,2.08908,1,1,1
2.08908,5.840248156,36.89991605,0.190388882,1.049838031,,2.0892,1,1,1
2.0892,5.840248156,36.89991605,0.190388882,1.049838031,,2.08932,1,1,1
2.08932,5.840248156,36.89991605,0.190388882,1.049838031,,2.08944,1,1,1
2.08944,5.840248156,36.89991605,0.190388882,1.049838031,,2.08956,1,1,1
2.08956,5.840248156,36.89991605,0.190388882,1.049838031,,2.08968,1,1,1
2.08968,6.037975931,38.27985222,0.195210706,1.076664117,,2.0898,1,1,1
2.0898,6.037975931,38.27985222,0.195210706,1.076664117,,2.08992,1,1,1
2.08992,6.037975931,38.27985222,0.195210706,1.076664117,,2.09004,1,1,1
2.09004,6.037975931,38.27985222,0.195210706,1.076664117,,2.09016,1,1,1
2.09016,6.037975931,38.27985222,0.195210706,1.076664117,,2.09028,1,1,1
2.09028,6.037975931,38.27985222,0.195210706,1.076664117,,2.0904,1,1,1
2.0904,6.037975931,38.27985222,0.195210706,1.076664117,,2.09052,1,1,1
2.09052,6.037975931,38.27985222,0.195210706,1.076664117,,2.09064,1,1,1
2.09064,6.348436112,39.2487308,0.195784642,1.079890201,,2.09076,1,1,1
2.09076,6.348436112,39.2487308,0.195784642,1.079890201,,2.09088,1,1,1
2.09088,6.348436112,39.2487308,0.195784642,1.079890201,,2.091,1,1,1
2.091,6.348436112,39.2487308,0.195784642,1.079890201,,2.09112,1,1,1
2.09112,6.348436112,39.2487308,0.195784642,1.079890201,,2.09124,1,1,1
2.09124,6.348436112,39.2487308,0.195784642,1.079890201,,2.09136,1,1,1
2.09136,6.348436112,39.2487308,0.195784642,1.079890201,,2.09148,1,1,1
2.09148,6.348436112,39.2487308,0.195784642,1.079890201,,2.0916,1,1,1
2.0916,6.348436112,39.2487308,0.195784642,1.079890201,,2.09172,1,1,1
2.09172,6.413933594,39.6729332,0.190600587,1.051204658,,2.09184,1,1,1
2.09184,6.413933594,39.6729332,0.190600587,1.051204658,,2.09196,1,1,1
2.09196,6.413933594,39.6729332,0.190600587,1.051204658,,2.09208,1,1,1
2.09208,6.413933594,39.6729332,0.190600587,1.051204658,,2.0922,1,1,1
2.0922,6.413933594,39.6729332,0.190600587,1.051204658,,2.09232,1,1,1
2.09232,6.413933594,39.6729332,0.190600587,1.051204658,,2.09244,1,1,1
2.09244,6.413933594,39.6729332,0.190600587,1.051204658,,2.09256,1,1,1
2.09256,6.413933594,39.6729332,0.190600587,1.051204658,,2.09268,1,1,1
2.09268,6.413933594,39.6729332,0.190600587,1.051204658,,2.0928,1,1,1
2.0928,6.403970523,39.72138074,0.191715462,1.057348955,,2.09292,1,1,1
2.09292,6.403970523,39.72138074,0.191715462,1.057348955,,2.09304,1,1,1
2.09304,6.403970523,39.72138074,0.191715462,1.057348955,,2.09316,1,1,1
2.09316,6.403970523,39.72138074,0.191715462,1.057348955,,2.09328,1,1,1
2.09328,6.403970523,39.72138074,0.191715462,1.057348955,,2.0934,1,1,1
2.0934,6.403970523,39.72138074,0.191715462,1.057348955,,2.09352,1,1,0
2.09352,6.403970523,39.72138074,0.191715462,1.057348955,,2.09364,1,1,0
2.09364,6.403970523,39.72138074,0.191715462,1.057348955,,2.09376,1,0,0
2.09376,6.395624619,39.73098171,0.192767466,1.063136907,,2.09388,1,0,0
2.09388,6.395624619,39.73098171,0.192767466,1.063136907,,2.094,1,0,0
2.094,6.395624619,39.73098171,0.192767466,1.063136907,,2.09412,1,0,0
2.09412,6.395624619,39.73098171,0.192767466,1.063136907,,2.09424,1,0,0
2.09424,6.395624619,39.73098171,0.192767466,1.063136907,,2.09436,1,0,0
2.09436,6.395624619,39.73098171,0.192767466,1.063136907,,2.09448,1,0,0
2.09448,6.395624619,39.73098171,0.192767466,1.063136907,,2.0946,1,0,0
2.0946,6.395624619,39.73098171,0.192767466,1.063136907,,2.09472,1,0,0
2.09472,6.395624619,39.73098171,0.192767466,1.063136907,,2.09484,1,0,0
2.09484,6.392445147,39.72741721,0.192303679,1.060572512,,2.09496,1,0,0
2.09496,6.392445147,39.72741721,0.192303679,1.060572512,,2.09508,0,0,0
2.09508,6.392445147,39.72741721,0.192303679,1.060572512,,2.0952,0,0,0
2.0952,6.392445147,39.72741721,0.192303679,1.060572512,,2.09532,0,0,0
2.09532,6.392445147,39.72741721,0.192303679,1.060572512,,2.09544,0,0,0
2.09544,6.392445147,39.72741721,0.192303679,1.060572512,,2.09556,0,0,0
2.09556,6.392445147,39.72741721,0.192303679,1.060572512,,2.09568,0,0,0
2.09568,6.392445147,39.72741721,0.192303679,1.060572512,,2.0958,0,0,0
2.0958,6.392445147,39.72741721,0.192303679,1.060572512,,2.09592,0,0,0
2.09592,6.400420669,39.72562086,0.192295327,1.060511738,,2.09604,0,0,0
2.09604,6.400420669,39.72562086,0.192295327,1.060511738,,2.09616,0,0,0
2.09616,6.400420669,39.72562086,0.192295327,1.060511738,,2.09628,0,0,0
2.09628,6.400420669,39.72562086,0.192295327,1.060511738,,2.0964,0,0,0
2.0964,6.400420669,39.72562086,0.192295327,1.060511738,,2.09652,0,0,0
2.09652,6.400420669,39.72562086,0.192295327,1.060511738,,2.09664,0,0,0
2.09664,6.400420669,39.72562086,0.192295327,1.060511738,,2.09676,0,0,0
2.09676,6.400420669,39.72562086,0.192295327,1.060511738,,2.09688,0,0,0
2.09688,6.408186081,39.73018524,0.192432856,1.061271292,,2.097,0,0,0
2.097,6.408186081,39.73018524,0.192432856,1.061271292,,2.09712,0,0,0
2.09712,6.408186081,39.73018524,0.192432856,1.061271292,,2.09724,0,0,0
2.09724,6.408186081,39.73018524,0.192432856,1.061271292,,2.09736,0,0,0
2.09736,6.408186081,39.73018524,0.192432856,1.061271292,,2.09748,0,0,0
2.09748,6.408186081,39.73018524,0.192432856,1.061271292,,2.0976,0,0,0
2.0976,6.408186081,39.73018524,0.192432856,1.061271292,,2.09772,0,0,0
2.09772,6.408186081,39.73018524,0.192432856,1.061271292,,2.09784,0,0,0
2.09784,6.408186081,39.73018524,0.192432856,1.061271292,,2.09796,0,0,0
2.09796,6.600173368,39.73620123,0.186364702,1.027602777,,2.09808,0,0,0
2.09808,6.600173368,39.73620123,0.186364702,1.027602777,,2.0982,0,0,0
2.0982,6.600173368,39.73620123,0.186364702,1.027602777,,2.09832,0,0,0
2.09832,6.600173368,39.73620123,0.186364702,1.027602777,,2.09844,0,0,0
2.09844,6.600173368,39.73620123,0.186364702,1.027602777,,2.09856,0,0,0
2.09856,6.600173368,39.73620123,0.186364702,1.027602777,,2.09868,0,0,0
2.09868,6.600173368,39.73620123,0.186364702,1.027602777,,2.0988,0,0,0
2.0988,6.600173368,39.73620123,0.186364702,1.027602777,,2.09892,0,0,0
2.09892,6.600173368,39.73620123,0.186364702,1.027602777,,2.09904,0,0,0
2.09904,6.552443342,39.75058875,0.172125984,0.948708732,,2.09916,0,0,0
2.09916,6.552443342,39.75058875,0.172125984,0.948708732,,2.09928,0,0,0
2.09928,6.552443342,39.75058875,0.172125984,0.948708732,,2.0994,0,0,0
2.0994,6.552443342,39.75058875,0.172125984,0.948708732,,2.09952,0,0,0
2.09952,6.552443342,39.75058875,0.172125984,0.948708732,,2.09964,0,0,0
2.09964,6.552443342,39.75058875,0.172125984,0.948708732,,2.09976,0,0,0
2.09976,6.552443342,39.75058875,0.172125984,0.948708732,,2.09988,0,0,0
2.09988,6.552443342,39.75058875,0.172125984,0.948708732,,2.1,0,0,0
2.1,6.568911178,39.75689814,0.160784677,0.885931425,,2.10012,0,0,0
2.10012,6.568911178,39.75689814,0.160784677,0.885931425,,2.10024,0,0,0
2.10024,6.568911178,39.75689814,0.160784677,0.885931425,,2.10036,0,0,0
2.10036,6.568911178,39.75689814,0.160784677,0.885931425,,2.10048,0,0,0
2.10048,6.568911178,39.75689814,0.160784677,0.885931425,,2.1006,0,0,0
2.1006,6.568911178,39.75689814,0.160784677,0.885931425,,2.10072,0,0,0
2.10072,6.568911178,39.75689814,0.160784677,0.885931425,,2.10084,0,0,0
2.10084,6.568911178,39.75689814,0.160784677,0.885931425,,2.10096,0,0,0
2.10096,6.568911178,39.75689814,0.160784677,0.885931425,,2.10108,0,0,0
2.10108,6.559216071,39.75969017,0.147288936,0.811316567,,2.1012,0,0,0
2.1012,6.559216071,39.75969017,0.147288936,0.811316567,,2.10132,0,0,0
2.10132,6.559216071,39.75969017,0.147288936,0.811316567,,2.10144,0,0,0
2.10144,6.559216071,39.75969017,0.147288936,0.811316567,,2.10156,0,0,0
2.10156,6.559216071,39.75969017,0.147288936,0.811316567,,2.10168,0,0,0
2.10168,6.559216071,39.75969017,0.147288936,0.811316567,,2.1018,0,0,0
2.1018,6.559216071,39.75969017,0.147288936,0.811316567,,2.10192,0,0,0
2.10192,6.559216071,39.75969017,0.147288936,0.811316567,,2.10204,0,0,0
2.10204,6.559216071,39.75969017,0.147288936,0.811316567,,2.10216,0,0,0
2.10216,6.557984051,39.75757814,0.139737881,0.769660313,,2.10228,0,0,0
2.10228,6.557984051,39.75757814,0.139737881,0.769660313,,2.1024,0,0,0
2.1024,6.557984051,39.75757814,0.139737881,0.769660313,,2.10252,0,0,0
2.10252,6.557984051,39.75757814,0.139737881,0.769660313,,2.10264,0,0,0
2.10264,6.557984051,39.75757814,0.139737881,0.769660313,,2.10276,0,0,0
2.10276,6.557984051,39.75757814,0.139737881,0.769660313,,2.10288,0,0,0
2.10288,6.557984051,39.75757814,0.139737881,0.769660313,,2.103,0,0,0
2.103,6.557984051,39.75757814,0.139737881,0.769660313,,2.10312,0,0,0
2.10312,6.557984051,39.75757814,0.139737881,0.769660313,,2.10324,0,0,0
2.10324,6.568045944,39.75055535,0.135656187,0.747314908,,2.10336,0,0,0
2.10336,6.568045944,39.75055535,0.135656187,0.747314908,,2.10348,0,0,0
2.10348,6.568045944,39.75055535,0.135656187,0.747314908,,2.1036,0,0,0
2.1036,6.568045944,39.75055535,0.135656187,0.747314908,,2.10372,0,0,0
2.10372,6.568045944,39.75055535,0.135656187,0.747314908,,2.10384,0,0,0
2.10384,6.568045944,39.75055535,0.135656187,0.747314908,,2.10396,0,0,0
2.10396,6.568045944,39.75055535,0.135656187,0.747314908,,2.10408,0,0,0
2.10408,6.568045944,39.75055535,0.135656187,0.747314908,,2.1042,0,0,0
2.1042,6.57116673,39.74296113,0.136954622,0.754701853,,2.10432,0,0,0
2.10432,6.57116673,39.74296113,0.136954622,0.754701853,,2.10444,0,0,0
2.10444,6.57116673,39.74296113,0.136954622,0.754701853,,2.10456,0,0,0
2.10456,6.57116673,39.74296113,0.136954622,0.754701853,,2.10468,0,0,0
2.10468,6.57116673,39.74296113,0.136954622,0.754701853,,2.1048,0,0,0
2.1048,6.57116673,39.74296113,0.136954622,0.754701853,,2.10492,0,0,0
2.10492,6.57116673,39.74296113,0.136954622,0.754701853,,2.10504,0,0,0
2.10504,6.57116673,39.74296113,0.136954622,0.754701853,,2.10516,0,0,0
2.10516,6.57116673,39.74296113,0.136954622,0.754701853,,2.10528,0,0,0
2.10528,6.604760631,39.7330794,0.142666191,0.786504819,,2.1054,0,0,0
2.1054,6.604760631,39.7330794,0.142666191,0.786504819,,2.10552,0,0,0
2.10552,6.604760631,39.7330794,0.142666191,0.786504819,,2.10564,0,0,0
2.10564,6.604760631,39.7330794,0.142666191,0.786504819,,2.10576,0,0,0
2.10576,6.604760631,39.7330794,0.142666191,0.786504819,,2.10588,0,0,0
2.10588,6.604760631,39.7330794,0.142666191,0.786504819,,2.106,0,0,0
2.106,6.604760631,39.7330794,0.142666191,0.786504819,,2.10612,0,0,0
2.10612,6.604760631,39.7330794,0.142666191,0.786504819,,2.10624,0,0,0
2.10624,6.604760631,39.7330794,0.142666191,0.786504819,,2.10636,0,0,0
2.10636,6.70740574,39.7310999,0.144307713,0.79561125,,2.10648,0,0,0
2.10648,6.70740574,39.7310999,0.144307713,0.79561125,,2.1066,0,0,0
2.1066,6.70740574,39.7310999,0.144307713,0.79561125,,2.10672,0,0,0
2.10672,6.70740574,39.7310999,0.144307713,0.79561125,,2.10684,0,0,0
2.10684,6.70740574,39.7310999,0.144307713,0.79561125,,2.10696,0,0,0
2.10696,6.70740574,39.7310999,0.144307713,0.79561125,,2.10708,0,0,0
2.10708,6.70740574,39.7310999,0.144307713,0.79561125,,2.1072,0,0,0
2.1072,6.70740574,39.7310999,0.144307713,0.79561125,,2.10732,0,0,0
2.10732,6.588019372,39.72790821,0.147986059,0.815980243,,2.10744,0,0,0
2.10744,6.588019372,39.72790821,0.147986059,0.815980243,,2.10756,0,0,0
2.10756,6.588019372,39.72790821,0.147986059,0.815980243,,2.10768,0,0,0
2.10768,6.588019372,39.72790821,0.147986059,0.815980243,,2.1078,0,0,0
2.1078,6.588019372,39.72790821,0.147986059,0.815980243,,2.10792,0,0,0
2.10792,6.588019372,39.72790821,0.147986059,0.815980243,,2.10804,0,0,0
2.10804,6.588019372,39.72790821,0.147986059,0.815980243,,2.10816,0,0,0
2.10816,6.588019372,39.72790821,0.147986059,0.815980243,,2.10828,0,0,0
2.10828,6.588019372,39.72790821,0.147986059,0.815980243,,2.1084,0,0,0
2.1084,6.59116313,39.7216226,0.159193958,0.877947115,,2.10852,0,0,0
2.10852,6.59116313,39.7216226,0.159193958,0.877947115,,2.10864,0,0,0
2.10864,6.59116313,39.7216226,0.159193958,0.877947115,,2.10876,0,0,0
2.10876,6.59116313,39.7216226,0.159193958,0.877947115,,2.10888,0,0,0
2.10888,6.59116313,39.7216226,0.159193958,0.877947115,,2.109,0,0,0
2.109,6.59116313,39.7216226,0.159193958,0.877947115,,2.10912,0,0,0
2.10912,6.59116313,39.7216226,0.159193958,0.877947115,,2.10924,0,0,0
2.10924,6.59116313,39.7216226,0.159193958,0.877947115,,2.10936,0,0,0
2.10936,6.59116313,39.7216226,0.159193958,0.877947115,,2.10948,0,0,0
2.10948,6.624583272,39.72104713,0.162415928,0.895723681,,2.1096,0,0,0
2.1096,6.624583272,39.72104713,0.162415928,0.895723681,,2.10972,0,0,0
2.10972,6.624583272,39.72104713,0.162415928,0.895723681,,2.10984,0,0,0
2.10984,6.624583272,39.72104713,0.162415928,0.895723681,,2.10996,0,0,0
2.10996,6.624583272,39.72104713,0.162415928,0.895723681,,2.11008,0,0,0
2.11008,6.624583272,39.72104713,0.162415928,0.895723681,,2.1102,0,0,0
2.1102,6.624583272,39.72104713,0.162415928,0.895723681,,2.11032,0,0,0
2.11032,6.624583272,39.72104713,0.162415928,0.895723681,,2.11044,0,0,0
2.11044,6.632004379,39.72149785,0.162696435,0.897254348,,2.11056,0,0,0
2.11056,6.632004379,39.72149785,0.162696435,0.897254348,,2.11068,0,0,0
2.11068,6.632004379,39.72149785,0.162696435,0.897254348,,2.1108,0,0,0
2.1108,6.632004379,39.72149785,0.162696435,0.897254348,,2.11092,0,0,0
2.11092,6.632004379,39.72149785,0.162696435,0.897254348,,2.11104,0,0,0
2.11104,6.632004379,39.72149785,0.162696435,0.897254348,,2.11116,0,0,0
2.11116,6.632004379,39.72149785,0.162696435,0.897254348,,2.11128,0,0,0
2.11128,6.632004379,39.72149785,0.162696435,0.897254348,,2.1114,0,0,0
2.1114,6.632004379,39.72149785,0.162696435,0.897254348,,2.11152,0,0,0
2.11152,6.631636074,39.72418481,0.162968311,0.898677652,,2.11164,0,0,0
2.11164,6.631636074,39.72418481,0.162968311,0.898677652,,2.11176,0,0,0
2.11176,6.631636074,39.72418481,0.162968311,0.898677652,,2.11188,0,0,0
2.11188,6.631636074,39.72418481,0.162968311,0.898677652,,2.112,0,0,0
2.112,6.631636074,39.72418481,0.162968311,0.898677652,,2.11212,0,0,0
2.11212,6.631636074,39.72418481,0.162968311,0.898677652,,2.11224,0,0,0
2.11224,6.631636074,39.72418481,0.162968311,0.898677652,,2.11236,0,0,0
2.11236,6.631636074,39.72418481,0.162968311,0.898677652,,2.11248,0,0,0
2.11248,6.631636074,39.72418481,0.162968311,0.898677652,,2.1126,0,0,0
2.1126,6.571912741,39.72398712,0.162414787,0.895631106,,2.11272,0,0,0
2.11272,6.571912741,39.72398712,0.162414787,0.895631106,,2.11284,0,0,0
2.11284,6.571912741,39.72398712,0.162414787,0.895631106,,2.11296,0,0,0
2.11296,6.571912741,39.72398712,0.162414787,0.895631106,,2.11308,0,0,0
2.11308,6.571912741,39.72398712,0.162414787,0.895631106,,2.1132,0,0,0
2.1132,6.571912741,39.72398712,0.162414787,0.895631106,,2.11332,0,0,0
2.11332,6.571912741,39.72398712,0.162414787,0.895631106,,2.11344,0,0,0
2.11344,6.571912741,39.72398712,0.162414787,0.895631106,,2.11356,0,0,0
2.11356,6.61192719,39.72199682,0.163006041,0.898951166,,2.11368,0,0,0
2.11368,6.61192719,39.72199682,0.163006041,0.898951166,,2.1138,0,0,0
2.1138,6.61192719,39.72199682,0.163006041,0.898951166,,2.11392,0,0,0
2.11392,6.61192719,39.72199682,0.163006041,0.898951166,,2.11404,0,0,0
2.11404,6.61192719,39.72199682,0.163006041,0.898951166,,2.11416,0,0,0
2.11416,6.61192719,39.72199682,0.163006041,0.898951166,,2.11428,0,0,0
2.11428,6.61192719,39.72199682,0.163006041,0.898951166,,2.1144,0,0,0
2.1144,6.61192719,39.72199682,0.163006041,0.898951166,,2.11452,0,0,0
2.11452,6.61192719,39.72199682,0.163006041,0.898951166,,2.11464,0,0,0
2.11464,6.649856461,39.72350885,0.161212131,0.889019938,,2.11476,0,0,0
2.11476,6.649856461,39.72350885,0.161212131,0.889019938,,2.11488,0,0,0
2.11488,6.649856461,39.72350885,0.161212131,0.889019938,,2.115,0,0,0
2.115,6.649856461,39.72350885,0.161212131,0.889019938,,2.11512,0,0,0
2.11512,6.649856461,39.72350885,0.161212131,0.889019938,,2.11524,0,0,0
2.11524,6.649856461,39.72350885,0.161212131,0.889019938,,2.11536,0,0,0
2.11536,6.649856461,39.72350885,0.161212131,0.889019938,,2.11548,0,0,0
2.11548,6.649856461,39.72350885,0.161212131,0.889019938,,2.1156,0,0,0
2.1156,6.649856461,39.72350885,0.161212131,0.889019938,,2.11572,0,0,0
2.11572,6.727569074,39.72806608,0.155290471,0.856238286,,2.11584,0,0,0
2.11584,6.727569074,39.72806608,0.155290471,0.856238286,,2.11596,0,0,0
2.11596,6.727569074,39.72806608,0.155290471,0.856238286,,2.11608,0,0,0
2.11608,6.727569074,39.72806608,0.155290471,0.856238286,,2.1162,0,0,0
2.1162,6.727569074,39.72806608,0.155290471,0.856238286,,2.11632,0,0,0
2.11632,6.727569074,39.72806608,0.155290471,0.856238286,,2.11644,0,0,0
2.11644,6.727569074,39.72806608,0.155290471,0.856238286,,2.11656,0,0,0
2.11656,6.727569074,39.72806608,0.155290471,0.856238286,,2.11668,0,0,0
2.11668,6.701976067,39.73260386,0.146763881,0.809095521,,2.1168,0,0,0
2.1168,6.701976067,39.73260386,0.146763881,0.809095521,,2.11692,0,0,0
2.11692,6.701976067,39.73260386,0.146763881,0.809095521,,2.11704,0,0,0
2.11704,6.701976067,39.73260386,0.146763881,0.809095521,,2.11716,0,0,0
2.11716,6.701976067,39.73260386,0.146763881,0.809095521,,2.11728,0,0,0
2.11728,6.701976067,39.73260386,0.146763881,0.809095521,,2.1174,0,0,0
2.1174,6.701976067,39.73260386,0.146763881,0.809095521,,2.11752,0,0,0
2.11752,6.701976067,39.73260386,0.146763881,0.809095521,,2.11764,0,0,0
2.11764,6.701976067,39.73260386,0.146763881,0.809095521,,2.11776,0,0,0
2.11776,6.711041406,39.73365851,0.142549602,0.785839659,,2.11788,0,0,0
2.11788,6.711041406,39.73365851,0.142549602,0.785839659,,2.118,0,0,0
2.118,6.711041406,39.73365851,0.142549602,0.785839659,,2.11812,0,0,0
2.11812,6.711041406,39.73365851,0.142549602,0.785839659,,2.11824,0,0,0
2.11824,6.711041406,39.73365851,0.142549602,0.785839659,,2.11836,0,0,0
2.11836,6.711041406,39.73365851,0.142549602,0.785839659,,2.11848,0,0,0
2.11848,6.711041406,39.73365851,0.142549602,0.785839659,,2.1186,0,0,0
2.1186,6.711041406,39.73365851,0.142549602,0.785839659,,2.11872,0,0,0
2.11872,6.711041406,39.73365851,0.142549602,0.785839659,,2.11884,0,0,0
2.11884,6.71517927,39.73250324,0.138495993,0.76355714,,2.11896,0,0,0
2.11896,6.71517927,39.73250324,0.138495993,0.76355714,,2.11908,0,0,0
2.11908,6.71517927,39.73250324,0.138495993,0.76355714,,2.1192,0,0,0
2.1192,6.71517927,39.73250324,0.138495993,0.76355714,,2.11932,0,0,0
2.11932,6.71517927,39.73250324,0.138495993,0.76355714,,2.11944,0,0,0
2.11944,6.71517927,39.73250324,0.138495993,0.76355714,,2.11956,0,0,0
2.11956,6.71517927,39.73250324,0.138495993,0.76355714,,2.11968,0,0,0
2.11968,6.71517927,39.73250324,0.138495993,0.76355714,,2.1198,0,0,0
2.1198,6.71203708,39.73011487,0.13746666,0.757987891,,2.11992,0,0,0
2.11992,6.71203708,39.73011487,0.13746666,0.757987891,,2.12004,0,0,0
2.12004,6.71203708,39.73011487,0.13746666,0.757987891,,2.12016,0,0,0
2.12016,6.71203708,39.73011487,0.13746666,0.757987891,,2.12028,0,0,0
2.12028,6.71203708,39.73011487,0.13746666,0.757987891,,2.1204,0,0,0
2.1204,6.71203708,39.73011487,0.13746666,0.757987891,,2.12052,0,0,0
2.12052,6.71203708,39.73011487,0.13746666,0.757987891,,2.12064,0,0,0
2.12064,6.71203708,39.73011487,0.13746666,0.757987891,,2.12076,0,0,0
2.12076,6.71203708,39.73011487,0.13746666,0.757987891,,2.12088,0,0,0
2.12088,6.729506629,39.72489091,0.139048375,0.766914003,,2.121,0,0,0
2.121,6.729506629,39.72489091,0.139048375,0.766914003,,2.12112,0,0,0
2.12112,6.729506629,39.72489091,0.139048375,0.766914003,,2.12124,0,0,0
2.12124,6.729506629,39.72489091,0.139048375,0.766914003,,2.12136,0,0,0
2.12136,6.729506629,39.72489091,0.139048375,0.766914003,,2.12148,0,0,0
2.12148,6.729506629,39.72489091,0.139048375,0.766914003,,2.1216,0,0,0
2.1216,6.729506629,39.72489091,0.139048375,0.766914003,,2.12172,0,0,0
2.12172,6.729506629,39.72489091,0.139048375,0.766914003,,2.12184,0,0,0
2.12184,6.729506629,39.72489091,0.139048375,0.766914003,,2.12196,0,0,0
2.12196,6.786324731,39.72336597,0.139713177,0.770636062,,2.12208,0,0,0
2.12208,6.786324731,39.72336597,0.139713177,0.770636062,,2.1222,0,0,0
2.1222,6.786324731,39.72336597,0.139713177,0.770636062,,2.12232,0,0,0
2.12232,6.786324731,39.72336597,0.139713177,0.770636062,,2.12244,0,0,0
2.12244,6.786324731,39.72336597,0.139713177,0.770636062,,2.12256,0,0,0
2.12256,6.786324731,39.72336597,0.139713177,0.770636062,,2.12268,0,0,0
2.12268,6.786324731,39.72336597,0.139713177,0.770636062,,2.1228,0,0,0
2.1228,6.786324731,39.72336597,0.139713177,0.770636062,,2.12292,0,0,0
2.12292,6.778388671,39.72270882,0.140000065,0.77223996,,2.12304,0,0,0
2.12304,6.778388671,39.72270882,0.140000065,0.77223996,,2.12316,0,0,0
2.12316,6.778388671,39.72270882,0.140000065,0.77223996,,2.12328,0,0,0
2.12328,6.778388671,39.72270882,0.140000065,0.77223996,,2.1234,0,0,0
2.1234,6.778388671,39.72270882,0.140000065,0.77223996,,2.12352,0,0,0
2.12352,6.778388671,39.72270882,0.140000065,0.77223996,,2.12364,0,0,0
2.12364,6.778388671,39.72270882,0.140000065,0.77223996,,2.12376,0,0,0
2.12376,6.778388671,39.72270882,0.140000065,0.77223996,,2.12388,0,0,0
2.12388,6.778388671,39.72270882,0.140000065,0.77223996,,2.124,0,0,0
2.124,6.787079781,39.72225778,0.140319274,0.774011657,,2.12412,0,0,0
2.12412,6.787079781,39.72225778,0.140319274,0.774011657,,2.12424,0,0,0
2.12424,6.787079781,39.72225778,0.140319274,0.774011657,,2.12436,0,0,0
2.12436,6.787079781,39.72225778,0.140319274,0.774011657,,2.12448,0,0,0
2.12448,6.787079781,39.72225778,0.140319274,0.774011657,,2.1246,0,0,0
2.1246,6.787079781,39.72225778,0.140319274,0.774011657,,2.12472,0,0,0
2.12472,6.787079781,39.72225778,0.140319274,0.774011657,,2.12484,0,0,0
2.12484,6.787079781,39.72225778,0.140319274,0.774011657,,2.12496,0,0,0
2.12496,6.787079781,39.72225778,0.140319274,0.774011657,,2.12508,0,0,0
2.12508,6.781195335,39.72181516,0.140998404,0.77776164,,2.1252,0,0,0
2.1252,6.781195335,39.72181516,0.140998404,0.77776164,,2.12532,0,0,0
2.12532,6.781195335,39.72181516,0.140998404,0.77776164,,2.12544,0,0,0
2.12544,6.781195335,39.72181516,0.140998404,0.77776164,,2.12556,0,0,0
2.12556,6.781195335,39.72181516,0.140998404,0.77776164,,2.12568,0,0,0
2.12568,6.781195335,39.72181516,0.140998404,0.77776164,,2.1258,0,0,0
2.1258,6.781195335,39.72181516,0.140998404,0.77776164,,2.12592,0,0,0
2.12592,6.781195335,39.72181516,0.140998404,0.77776164,,2.12604,0,0,0
2.12604,6.781195335,39.72181516,0.140998404,0.77776164,,2.12616,0,0,0
2.12616,6.787974188,39.72182758,0.141373647,0.779821055,,2.12628,0,0,0
2.12628,6.787974188,39.72182758,0.141373647,0.779821055,,2.1264,0,0,0
2.1264,6.787974188,39.72182758,0.141373647,0.779821055,,2.12652,0,0,0
2.12652,6.787974188,39.72182758,0.141373647,0.779821055,,2.12664,0,0,0
2.12664,6.787974188,39.72182758,0.141373647,0.779821055,,2.12676,0,0,0
2.12676,6.787974188,39.72182758,0.141373647,0.779821055,,2.12688,0,0,0
2.12688,6.787974188,39.72182758,0.141373647,0.779821055,,2.127,0,0,0
2.127,6.787974188,39.72182758,0.141373647,0.779821055,,2.12712,0,0,0
2.12712,6.78937809,39.72205526,0.141019109,0.777860084,,2.12724,0,0,0
2.12724,6.78937809,39.72205526,0.141019109,0.777860084,,2.12736,0,0,0
2.12736,6.78937809,39.72205526,0.141019109,0.777860084,,2.12748,0,0,0
2.12748,6.78937809,39.72205526,0.141019109,0.777860084,,2.1276,0,0,0
2.1276,6.78937809,39.72205526,0.141019109,0.777860084,,2.12772,0,0,0
2.12772,6.78937809,39.72205526,0.141019109,0.777860084,,2.12784,0,0,0
2.12784,6.78937809,39.72205526,0.141019109,0.777860084,,2.12796,0,0,0
2.12796,6.78937809,39.72205526,0.141019109,0.777860084,,2.12808,0,0,0
2.12808,6.78937809,39.72205526,0.141019109,0.777860084,,2.1282,0,0,0
2.1282,6.793251078,39.7226295,0.140728194,0.776234331,,2.12832,0,0,0
2.12832,6.793251078,39.7226295,0.140728194,0.776234331,,2.12844,0,0,0
2.12844,6.793251078,39.7226295,0.140728194,0.776234331,,2.12856,0,0,0
2.12856,6.793251078,39.7226295,0.140728194,0.776234331,,2.12868,0,0,0
2.12868,6.793251078,39.7226295,0.140728194,0.776234331,,2.1288,0,0,0
2.1288,6.793251078,39.7226295,0.140728194,0.776234331,,2.12892,0,0,0
2.12892,6.793251078,39.7226295,0.140728194,0.776234331,,2.12904,0,0,0
2.12904,6.793251078,39.7226295,0.140728194,0.776234331,,2.12916,0,0,0
2.12916,6.793251078,39.7226295,0.140728194,0.776234331,,2.12928,0,0,0
2.12928,6.785391625,39.72305475,0.140368883,0.77424092,,2.1294,0,0,0
2.1294,6.785391625,39.72305475,0.140368883,0.77424092,,2.12952,0,0,0
2.12952,6.785391625,39.72305475,0.140368883,0.77424092,,2.12964,0,0,0
2.12964,6.785391625,39.72305475,0.140368883,0.77424092,,2.12976,0,0,0
2.12976,6.785391625,39.72305475,0.140368883,0.77424092,,2.12988,0,0,0
2.12988,6.785391625,39.72305475,0.140368883,0.77424092,,2.13,0,0,0
2.13,6.785391625,39.72305475,0.140368883,0.77424092,,2.13012,0,0,0
2.13012,6.785391625,39.72305475,0.140368883,0.77424092,,2.13024,0,0,0
2.13024,6.790345009,39.72323661,0.140159447,0.7730839,,2.13036,0,0,0
2.13036,6.790345009,39.72323661,0.140159447,0.7730839,,2.13048,0,0,0
2.13048,6.790345009,39.72323661,0.140159447,0.7730839,,2.1306,0,0,0
2.1306,6.790345009,39.72323661,0.140159447,0.7730839,,2.13072,0,0,0
2.13072,6.790345009,39.72323661,0.140159447,0.7730839,,2.13084,0,0,0
2.13084,6.790345009,39.72323661,0.140159447,0.7730839,,2.13096,0,0,0
2.13096,6.790345009,39.72323661,0.140159447,0.7730839,,2.13108,0,0,0
2.13108,6.790345009,39.72323661,0.140159447,0.7730839,,2.1312,0,0,0
2.1312,6.790345009,39.72323661,0.140159447,0.7730839,,2.13132,0,0,0
2.13132,6.792969863,39.72381527,0.139617445,0.770081137,,2.13144,0,0,0
2.13144,6.792969863,39.72381527,0.139617445,0.770081137,,2.13156,0,0,0
2.13156,6.792969863,39.72381527,0.139617445,0.770081137,,2.13168,0,0,0
2.13168,6.792969863,39.72381527,0.139617445,0.770081137,,2.1318,0,0,0
2.1318,6.792969863,39.72381527,0.139617445,0.770081137,,2.13192,0,0,0
2.13192,6.792969863,39.72381527,0.139617445,0.770081137,,2.13204,0,0,0
2.13204,6.792969863,39.72381527,0.139617445,0.770081137,,2.13216,0,0,0
2.13216,6.792969863,39.72381527,0.139617445,0.770081137,,2.13228,0,0,0
2.13228,6.792969863,39.72381527,0.139617445,0.770081137,,2.1324,0,0,0
2.1324,6.835447956,39.72531671,0.137880705,0.760468002,,2.13252,0,0,0
2.13252,6.835447956,39.72531671,0.137880705,0.760468002,,2.13264,0,0,0
2.13264,6.835447956,39.72531671,0.137880705,0.760468002,,2.13276,0,0,0
2.13276,6.835447956,39.72531671,0.137880705,0.760468002,,2.13288,0,0,0
2.13288,6.835447956,39.72531671,0.137880705,0.760468002,,2.133,0,0,0
2.133,6.835447956,39.72531671,0.137880705,0.760468002,,2.13312,0,0,0
2.13312,6.835447956,39.72531671,0.137880705,0.760468002,,2.13324,0,0,0
2.13324,6.835447956,39.72531671,0.137880705,0.760468002,,2.13336,0,0,0
2.13336,6.858339834,39.72913676,0.131516457,0.725312798,,2.13348,0,0,0
2.13348,6.858339834,39.72913676,0.131516457,0.725312798,,2.1336,0,0,0
2.1336,6.858339834,39.72913676,0.131516457,0.725312798,,2.13372,0,0,0
2.13372,6.858339834,39.72913676,0.131516457,0.725312798,,2.13384,0,0,0
2.13384,6.858339834,39.72913676,0.131516457,0.725312798,,2.13396,0,0,0
2.13396,6.858339834,39.72913676,0.131516457,0.725312798,,2.13408,0,0,0
2.13408,6.858339834,39.72913676,0.131516457,0.725312798,,2.1342,0,0,0
2.1342,6.858339834,39.72913676,0.131516457,0.725312798,,2.13432,0,0,0
2.13432,6.858339834,39.72913676,0.131516457,0.725312798,,2.13444,0,0,0
2.13444,6.845036699,39.73003688,0.12832456,0.707740187,,2.13456,0,0,0
2.13456,6.845036699,39.73003688,0.12832456,0.707740187,,2.13468,0,0,0
2.13468,6.845036699,39.73003688,0.12832456,0.707740187,,2.1348,0,0,0
2.1348,6.845036699,39.73003688,0.12832456,0.707740187,,2.13492,0,0,0
2.13492,6.845036699,39.73003688,0.12832456,0.707740187,,2.13504,0,0,0
2.13504,6.845036699,39.73003688,0.12832456,0.707740187,,2.13516,0,0,0
2.13516,6.845036699,39.73003688,0.12832456,0.707740187,,2.13528,0,0,0
2.13528,6.845036699,39.73003688,0.12832456,0.707740187,,2.1354,0,0,0
2.1354,6.845036699,39.73003688,0.12832456,0.707740187,,2.13552,0,0,0
2.13552,6.840048319,39.72897275,0.126448092,0.697507634,,2.13564,0,0,0
2.13564,6.840048319,39.72897275,0.126448092,0.697507634,,2.13576,0,0,0
2.13576,6.840048319,39.72897275,0.126448092,0.697507634,,2.13588,0,0,0
2.13588,6.840048319,39.72897275,0.126448092,0.697507634,,2.136,0,0,0
2.136,6.840048319,39.72897275,0.126448092,0.697507634,,2.13612,0,0,0
2.13612,6.840048319,39.72897275,0.126448092,0.697507634,,2.13624,0,0,0
2.13624,6.840048319,39.72897275,0.126448092,0.697507634,,2.13636,0,0,0
2.13636,6.840048319,39.72897275,0.126448092,0.697507634,,2.13648,0,0,0
2.13648,6.858299476,39.72662655,0.126788056,0.699517594,,2.1366,0,0,0
2.1366,6.858299476,39.72662655,0.126788056,0.699517594,,2.13672,0,0,0
2.13672,6.858299476,39.72662655,0.126788056,0.699517594,,2.13684,0,0,0
2.13684,6.858299476,39.72662655,0.126788056,0.699517594,,2.13696,0,0,0
2.13696,6.858299476,39.72662655,0.126788056,0.699517594,,2.13708,0,0,0
2.13708,6.858299476,39.72662655,0.126788056,0.699517594,,2.1372,0,0,0
2.1372,6.858299476,39.72662655,0.126788056,0.699517594,,2.13732,0,0,0
2.13732,6.858299476,39.72662655,0.126788056,0.699517594,,2.13744,0,0,0
2.13744,6.858299476,39.72662655,0.126788056,0.699517594,,2.13756,0,0,0
2.13756,6.83928514,39.72289716,0.129002257,0.711890295,,2.13768,0,0,0
2.13768,6.83928514,39.72289716,0.129002257,0.711890295,,2.1378,0,0,0
2.1378,6.83928514,39.72289716,0.129002257,0.711890295,,2.13792,0,0,0
2.13792,6.83928514,39.72289716,0.129002257,0.711890295,,2.13804,0,0,0
2.13804,6.83928514,39.72289716,0.129002257,0.711890295,,2.13816,0,0,0
2.13816,6.83928514,39.72289716,0.129002257,0.711890295,,2.13828,0,0,0
2.13828,6.83928514,39.72289716,0.129002257,0.711890295,,2.1384,0,0,0
2.1384,6.83928514,39.72289716,0.129002257,0.711890295,,2.13852,0,0,0
2.13852,6.83928514,39.72289716,0.129002257,0.711890295,,2.13864,0,0,0
2.13864,6.942105906,39.72214352,0.129710518,0.715816979,,2.13876,0,0,0
2.13876,6.942105906,39.72214352,0.129710518,0.715816979,,2.13888,0,0,0
2.13888,6.942105906,39.72214352,0.129710518,0.715816979,,2.139,0,0,0
2.139,6.942105906,39.72214352,0.129710518,0.715816979,,2.13912,0,0,0
2.13912,6.942105906,39.72214352,0.129710518,0.715816979,,2.13924,0,0,0
2.13924,6.942105906,39.72214352,0.129710518,0.715816979,,2.13936,0,0,0
2.13936,6.942105906,39.72214352,0.129710518,0.715816979,,2.13948,0,0,0
2.13948,6.942105906,39.72214352,0.129710518,0.715816979,,2.1396,0,0,0
2.1396,6.896230565,39.72502185,0.12698872,0.700717487,,2.13972,0,0,0
2.13972,6.896230565,39.72502185,0.12698872,0.700717487,,2.13984,0,0,0
2.13984,6.896230565,39.72502185,0.12698872,0.700717487,,2.13996,0,0,0
2.13996,6.896230565,39.72502185,0.12698872,0.700717487,,2.14008,0,0,0
2.14008,6.896230565,39.72502185,0.12698872,0.700717487,,2.1402,0,0,0
2.1402,6.896230565,39.72502185,0.12698872,0.700717487,,2.14032,0,0,0
2.14032,6.896230565,39.72502185,0.12698872,0.700717487,,2.14044,0,0,0
2.14044,6.896230565,39.72502185,0.12698872,0.700717487,,2.14056,0,0,0
2.14056,6.896230565,39.72502185,0.12698872,0.700717487,,2.14068,0,0,0
2.14068,6.872563992,39.72326787,0.129231211,0.713111572,,2.1408,0,0,0
2.1408,6.872563992,39.72326787,0.129231211,0.713111572,,2.14092,0,0,0
2.14092,6.872563992,39.72326787,0.129231211,0.713111572,,2.14104,0,0,0
2.14104,6.872563992,39.72326787,0.129231211,0.713111572,,2.14116,0,0,0
2.14116,6.872563992,39.72326787,0.129231211,0.713111572,,2.14128,0,0,0
2.14128,6.872563992,39.72326787,0.129231211,0.713111572,,2.1414,0,0,0
2.1414,6.872563992,39.72326787,0.129231211,0.713111572,,2.14152,0,0,0
2.14152,6.872563992,39.72326787,0.129231211,0.713111572,,2.14164,0,0,0
2.14164,6.872563992,39.72326787,0.129231211,0.713111572,,2.14176,0,0,0
2.14176,6.90450736,39.72357486,0.128830669,0.710895411,,2.14188,0,0,0
2.14188,6.90450736,39.72357486,0.128830669,0.710895411,,2.142,0,0,0
2.142,6.90450736,39.72357486,0.128830669,0.710895411,,2.14212,0,0,0
2.14212,6.90450736,39.72357486,0.128830669,0.710895411,,2.14224,0,0,0
2.14224,6.90450736,39.72357486,0.128830669,0.710895411,,2.14236,0,0,0
2.14236,6.90450736,39.72357486,0.128830669,0.710895411,,2.14248,0,0,0
2.14248,6.90450736,39.72357486,0.128830669,0.710895411,,2.1426,0,0,0
2.1426,6.90450736,39.72357486,0.128830669,0.710895411,,2.14272,0,0,0
2.14272,6.895145166,39.72371386,0.128160743,0.707216501,,2.14284,0,0,0
2.14284,6.895145166,39.72371386,0.128160743,0.707216501,,2.14296,0,0,0
2.14296,6.895145166,39.72371386,0.128160743,0.707216501,,2.14308,0,0,0
2.14308,6.895145166,39.72371386,0.128160743,0.707216501,,2.1432,0,0,0
2.1432,6.895145166,39.72371386,0.128160743,0.707216501,,2.14332,0,0,0
2.14332,6.895145166,39.72371386,0.128160743,0.707216501,,2.14344,0,0,0
2.14344,6.895145166,39.72371386,0.128160743,0.707216501,,2.14356,0,0,0
2.14356,6.895145166,39.72371386,0.128160743,0.707216501,,2.14368,0,0,0
2.14368,6.895145166,39.72371386,0.128160743,0.707216501,,2.1438,0,0,0
2.1438,6.894751425,39.7236461,0.128383827,0.708441662,,2.14392,0,0,0
2.14392,6.894751425,39.7236461,0.128383827,0.708441662,,2.14404,0,0,0
2.14404,6.894751425,39.7236461,0.128383827,0.708441662,,2.14416,0,0,0
2.14416,6.894751425,39.7236461,0.128383827,0.708441662,,2.14428,0,0,0
2.14428,6.894751425,39.7236461,0.128383827,0.708441662,,2.1444,0,0,0
2.1444,6.894751425,39.7236461,0.128383827,0.708441662,,2.14452,0,0,0
2.14452,6.894751425,39.7236461,0.128383827,0.708441662,,2.14464,0,0,0
2.14464,6.894751425,39.7236461,0.128383827,0.708441662,,2.14476,0,0,0
2.14476,6.894751425,39.7236461,0.128383827,0.708441662,,2.14488,0,0,0
2.14488,6.894244191,39.72339562,0.128556497,0.709404373,,2.145,0,0,0
2.145,6.894244191,39.72339562,0.128556497,0.709404373,,2.14512,0,0,0
2.14512,6.894244191,39.72339562,0.128556497,0.709404373,,2.14524,0,0,0
2.14524,6.894244191,39.72339562,0.128556497,0.709404373,,2.14536,0,0,0
2.14536,6.894244191,39.72339562,0.128556497,0.709404373,,2.14548,0,0,0
2.14548,6.894244191,39.72339562,0.128556497,0.709404373,,2.1456,0,0,0
2.1456,6.894244191,39.72339562,0.128556497,0.709404373,,2.14572,0,0,0
2.14572,6.894244191,39.72339562,0.128556497,0.709404373,,2.14584,0,0,0
2.14584,6.895195934,39.72340833,0.128649032,0.709911425,,2.14596,0,0,0
2.14596,6.895195934,39.72340833,0.128649032,0.709911425,,2.14608,0,0,0
2.14608,6.895195934,39.72340833,0.128649032,0.709911425,,2.1462,0,0,0
2.1462,6.895195934,39.72340833,0.128649032,0.709911425,,2.14632,0,0,0
2.14632,6.895195934,39.72340833,0.128649032,0.709911425,,2.14644,0,0,0
2.14644,6.895195934,39.72340833,0.128649032,0.709911425,,2.14656,0,0,0
2.14656,6.895195934,39.72340833,0.128649032,0.709911425,,2.14668,0,0,0
2.14668,6.895195934,39.72340833,0.128649032,0.709911425,,2.1468,0,0,0
2.1468,6.895195934,39.72340833,0.128649032,0.709911425,,2.14692,0,0,0
2.14692,6.892887744,39.72320784,0.12888066,0.711195289,,2.14704,0,0,0
2.14704,6.892887744,39.72320784,0.12888066,0.711195289,,2.14716,0,0,0
2.14716,6.892887744,39.72320784,0.12888066,0.711195289,,2.14728,0,0,0
2.14728,6.892887744,39.72320784,0.12888066,0.711195289,,2.1474,0,0,0
2.1474,6.892887744,39.72320784,0.12888066,0.711195289,,2.14752,0,0,0
2.14752,6.892887744,39.72320784,0.12888066,0.711195289,,2.14764,0,0,0
2.14764,6.892887744,39.72320784,0.12888066,0.711195289,,2.14776,0,0,0
2.14776,6.892887744,39.72320784,0.12888066,0.711195289,,2.14788,0,0,0
2.14788,6.892887744,39.72320784,0.12888066,0.711195289,,2.148,0,0,0
2.148,6.902432593,39.72346515,0.12863113,0.709814272,,2.14812,0,0,0
2.14812,6.902432593,39.72346515,0.12863113,0.709814272,,2.14824,0,0,0
2.14824,6.902432593,39.72346515,0.12863113,0.709814272,,2.14836,0,0,0
2.14836,6.902432593,39.72346515,0.12863113,0.709814272,,2.14848,0,0,0
2.14848,6.902432593,39.72346515,0.12863113,0.709814272,,2.1486,0,0,0
2.1486,6.902432593,39.72346515,0.12863113,0.709814272,,2.14872,0,0,0
2.14872,6.902432593,39.72346515,0.12863113,0.709814272,,2.14884,0,0,0
2.14884,6.902432593,39.72346515,0.12863113,0.709814272,,2.14896,0,0,0
2.14896,6.907183659,39.72391628,0.128035054,0.706522905,,2.14908,0,0,0
2.14908,6.907183659,39.72391628,0.128035054,0.706522905,,2.1492,0,0,0
2.1492,6.907183659,39.72391628,0.128035054,0.706522905,,2.14932,0,0,0
2.14932,6.907183659,39.72391628,0.128035054,0.706522905,,2.14944,0,0,0
2.14944,6.907183659,39.72391628,0.128035054,0.706522905,,2.14956,0,0,0
2.14956,6.907183659,39.72391628,0.128035054,0.706522905,,2.14968,0,0,0
2.14968,6.907183659,39.72391628,0.128035054,0.706522905,,2.1498,0,0,0
2.1498,6.907183659,39.72391628,0.128035054,0.706522905,,2.14992,0,0,0
2.14992,6.907183659,39.72391628,0.128035054,0.706522905,,2.15004,0,0,0
2.15004,6.942257141,39.72558057,0.125265755,0.691253399,,2.15016,0,0,0
2.15016,6.942257141,39.72558057,0.125265755,0.691253399,,2.15028,0,0,0
2.15028,6.942257141,39.72558057,0.125265755,0.691253399,,2.1504,0,0,0
2.1504,6.942257141,39.72558057,0.125265755,0.691253399,,2.15052,0,0,0
2.15052,6.942257141,39.72558057,0.125265755,0.691253399,,2.15064,0,0,0
2.15064,6.942257141,39.72558057,0.125265755,0.691253399,,2.15076,0,0,0
2.15076,6.942257141,39.72558057,0.125265755,0.691253399,,2.15088,0,0,0
2.15088,6.942257141,39.72558057,0.125265755,0.691253399,,2.151,0,0,0
2.151,6.942257141,39.72558057,0.125265755,0.691253399,,2.15112,0,0,0
2.15112,6.931015446,39.72617286,0.122840902,0.677953637,,2.15124,0,0,0
2.15124,6.931015446,39.72617286,0.122840902,0.677953637,,2.15136,0,0,0
2.15136,6.931015446,39.72617286,0.122840902,0.677953637,,2.15148,0,0,0
2.15148,6.931015446,39.72617286,0.122840902,0.677953637,,2.1516,0,0,0
2.1516,6.931015446,39.72617286,0.122840902,0.677953637,,2.15172,0,0,0
2.15172,6.931015446,39.72617286,0.122840902,0.677953637,,2.15184,0,0,0
2.15184,6.931015446,39.72617286,0.122840902,0.677953637,,2.15196,0,0,0
2.15196,6.931015446,39.72617286,0.122840902,0.677953637,,2.15208,0,0,0
2.15208,6.931015446,39.72617286,0.122840902,0.677953637,,2.1522,0,0,0
2.1522,6.929508201,39.72544997,0.122419801,0.6757138,,2.15232,0,0,0
2.15232,6.929508201,39.72544997,0.122419801,0.6757138,,2.15244,0,0,0
2.15244,6.929508201,39.72544997,0.122419801,0.6757138,,2.15256,0,0,0
2.15256,6.929508201,39.72544997,0.122419801,0.6757138,,2.15268,0,0,0
2.15268,6.929508201,39.72544997,0.122419801,0.6757138,,2.1528,0,0,0
2.1528,6.929508201,39.72544997,0.122419801,0.6757138,,2.15292,0,0,0
2.15292,6.929508201,39.72544997,0.122419801,0.6757138,,2.15304,0,0,0
2.15304,6.929508201,39.72544997,0.122419801,0.6757138,,2.15316,0,0,0
2.15316,6.943150255,39.72331405,0.12317149,0.68000031,,2.15328,0,0,0
2.15328,6.943150255,39.72331405,0.12317149,0.68000031,,2.1534,0,0,0
2.1534,6.943150255,39.72331405,0.12317149,0.68000031,,2.15352,0,0,0
2.15352,6.943150255,39.72331405,0.12317149,0.68000031,,2.15364,0,0,0
2.15364,6.943150255,39.72331405,0.12317149,0.68000031,,2.15376,0,0,0
2.15376,6.943150255,39.72331405,0.12317149,0.68000031,,2.15388,0,0,0
2.15388,6.943150255,39.72331405,0.12317149,0.68000031,,2.154,0,0,0
2.154,6.943150255,39.72331405,0.12317149,0.68000031,,2.15412,0,0,0
2.15412,6.943150255,39.72331405,0.12317149,0.68000031,,2.15424,0,0,0
2.15424,6.937343194,39.72169211,0.124234641,0.685942267,,2.15436,0,0,0
2.15436,6.937343194,39.72169211,0.124234641,0.685942267,,2.15448,0,0,0
2.15448,6.937343194,39.72169211,0.124234641,0.685942267,,2.1546,0,0,0
2.1546,6.937343194,39.72169211,0.124234641,0.685942267,,2.15472,0,0,0
2.15472,6.937343194,39.72169211,0.124234641,0.685942267,,2.15484,0,0,0
2.15484,6.937343194,39.72169211,0.124234641,0.685942267,,2.15496,0,0,0
2.15496,6.937343194,39.72169211,0.124234641,0.685942267,,2.15508,0,0,0
2.15508,6.937343194,39.72169211,0.124234641,0.685942267,,2.1552,0,0,0
2.1552,6.937343194,39.72169211,0.124234641,0.685942267,,2.15532,0,0,0
2.15532,6.972399779,39.71956917,0.125982128,0.695659555,,2.15544,0,0,0
2.15544,6.972399779,39.71956917,0.125982128,0.695659555,,2.15556,0,0,0
2.15556,6.972399779,39.71956917,0.125982128,0.695659555,,2.15568,0,0,0
2.15568,6.972399779,39.71956917,0.125982128,0.695659555,,2.1558,0,0,0
2.1558,6.972399779,39.71956917,0.125982128,0.695659555,,2.15592,0,0,0
2.15592,6.972399779,39.71956917,0.125982128,0.695659555,,2.15604,0,0,0
2.15604,6.972399779,39.71956917,0.125982128,0.695659555,,2.15616,0,0,0
2.15616,6.972399779,39.71956917,0.125982128,0.695659555,,2.15628,0,0,0
2.15628,6.991146375,39.72103117,0.124363142,0.68670164,,2.1564,0,0,0
2.1564,6.991146375,39.72103117,0.124363142,0.68670164,,2.15652,0,0,0
2.15652,6.991146375,39.72103117,0.124363142,0.68670164,,2.15664,0,0,0
2.15664,6.991146375,39.72103117,0.124363142,0.68670164,,2.15676,0,0,0
2.15676,6.991146375,39.72103117,0.124363142,0.68670164,,2.15688,0,0,0
2.15688,6.991146375,39.72103117,0.124363142,0.68670164,,2.157,0,0,0
2.157,6.991146375,39.72103117,0.124363142,0.68670164,,2.15712,0,0,0
2.15712,6.991146375,39.72103117,0.124363142,0.68670164,,2.15724,0,0,0
2.15724,6.991146375,39.72103117,0.124363142,0.68670164,,2.15736,0,0,0
2.15736,6.947011537,39.71998719,0.125402163,0.692457741,,2.15748,0,0,0
2.15748,6.947011537,39.71998719,0.125402163,0.692457741,,2.1576,0,0,0
2.1576,6.947011537,39.71998719,0.125402163,0.692457741,,2.15772,0,0,0
2.15772,6.947011537,39.71998719,0.125402163,0.692457741,,2.15784,0,0,0
2.15784,6.947011537,39.71998719,0.125402163,0.692457741,,2.15796,0,0,0
2.15796,6.947011537,39.71998719,0.125402163,0.692457741,,2.15808,0,0,0
2.15808,6.947011537,39.71998719,0.125402163,0.692457741,,2.1582,0,0,0
2.1582,6.947011537,39.71998719,0.125402163,0.692457741,,2.15832,0,0,0
2.15832,6.947011537,39.71998719,0.125402163,0.692457741,,2.15844,0,0,0
2.15844,6.97105659,39.71896693,0.126691651,0.69957589,,2.15856,0,0,0
2.15856,6.97105659,39.71896693,0.126691651,0.69957589,,2.15868,0,0,0
2.15868,6.97105659,39.71896693,0.126691651,0.69957589,,2.1588,0,0,0
2.1588,6.97105659,39.71896693,0.126691651,0.69957589,,2.15892,0,0,0
2.15892,6.97105659,39.71896693,0.126691651,0.69957589,,2.15904,0,0,0
2.15904,6.97105659,39.71896693,0.126691651,0.69957589,,2.15916,0,0,0
2.15916,6.97105659,39.71896693,0.126691651,0.69957589,,2.15928,0,0,0
2.15928,6.97105659,39.71896693,0.126691651,0.69957589,,2.1594,0,0,0
2.1594,6.971729754,39.71887211,0.126533792,0.698724379,,2.15952,0,0,0
2.15952,6.971729754,39.71887211,0.126533792,0.698724379,,2.15964,0,0,0
2.15964,6.971729754,39.71887211,0.126533792,0.698724379,,2.15976,0,0,0
2.15976,6.971729754,39.71887211,0.126533792,0.698724379,,2.15988,0,0,0
2.15988,6.971729754,39.71887211,0.126533792,0.698724379,,2.16,0,0,0
2.16,6.971729754,39.71887211,0.126533792,0.698724379,,2.16012,0,0,0
2.16012,6.971729754,39.71887211,0.126533792,0.698724379,,2.16024,0,0,0
2.16024,6.971729754,39.71887211,0.126533792,0.698724379,,,,,
2.16036,6.971729754,39.71887211,0.126533792,0.698724379,,,,,
2.16048,6.974839727,39.7188795,0.126716023,0.699715835,,,,,
2.1606,6.974839727,39.7188795,0.126716023,0.699715835,,,,,
2.16072,6.974839727,39.7188795,0.126716023,0.699715835,,,,,
2.16084,6.974839727,39.7188795,0.126716023,0.699715835,,,,,
2.16096,6.974839727,39.7188795,0.126716023,0.699715835,,,,,
2.16108,6.974839727,39.7188795,0.126716023,0.699715835,,,,,
2.1612,6.974839727,39.7188795,0.126716023,0.699715835,,,,,
2.16132,6.974839727,39.7188795,0.126716023,0.699715835,,,,,
2.16144,6.974839727,39.7188795,0.126716023,0.699715835,,,,,
2.16156,6.97194458,39.71902628,0.126606316,0.699104915,,,,,
2.16168,6.97194458,39.71902628,0.126606316,0.699104915,,,,,
2.1618,6.97194458,39.71902628,0.126606316,0.699104915,,,,,
2.16192,6.97194458,39.71902628,0.126606316,0.699104915,,,,,
2.16204,6.97194458,39.71902628,0.126606316,0.699104915,,,,,
2.16216,6.97194458,39.71902628,0.126606316,0.699104915,,,,,
2.16228,6.97194458,39.71902628,0.126606316,0.699104915,,,,,
2.1624,6.97194458,39.71902628,0.126606316,0.699104915,,,,,
2.16252,6.975090976,39.7191048,0.126443422,0.698211432,,,,,
2.16264,6.975090976,39.7191048,0.126443422,0.698211432,,,,,
2.16276,6.975090976,39.7191048,0.126443422,0.698211432,,,,,
2.16288,6.975090976,39.7191048,0.126443422,0.698211432,,,,,
2.163,6.975090976,39.7191048,0.126443422,0.698211432,,,,,
2.16312,6.975090976,39.7191048,0.126443422,0.698211432,,,,,
2.16324,6.975090976,39.7191048,0.126443422,0.698211432,,,,,
2.16336,6.975090976,39.7191048,0.126443422,0.698211432,,,,,
2.16348,6.975090976,39.7191048,0.126443422,0.698211432,,,,,
2.1636,6.969771047,39.71898953,0.126414912,0.698068803,,,,,
2.16372,6.969771047,39.71898953,0.126414912,0.698068803,,,,,
2.16384,6.969771047,39.71898953,0.126414912,0.698068803,,,,,
2.16396,6.969771047,39.71898953,0.126414912,0.698068803,,,,,
2.16408,6.969771047,39.71898953,0.126414912,0.698068803,,,,,
2.1642,6.969771047,39.71898953,0.126414912,0.698068803,,,,,
2.16432,6.969771047,39.71898953,0.126414912,0.698068803,,,,,
2.16444,6.969771047,39.71898953,0.126414912,0.698068803,,,,,
2.16456,6.969771047,39.71898953,0.126414912,0.698068803,,,,,
2.16468,6.972701737,39.71853323,0.12672028,0.69977728,,,,,
2.1648,6.972701737,39.71853323,0.12672028,0.69977728,,,,,
2.16492,6.972701737,39.71853323,0.12672028,0.69977728,,,,,
2.16504,6.972701737,39.71853323,0.12672028,0.69977728,,,,,
2.16516,6.972701737,39.71853323,0.12672028,0.69977728,,,,,
2.16528,6.972701737,39.71853323,0.12672028,0.69977728,,,,,
2.1654,6.972701737,39.71853323,0.12672028,0.69977728,,,,,
2.16552,6.972701737,39.71853323,0.12672028,0.69977728,,,,,
2.16564,6.975568774,39.71824688,0.126877335,0.700661904,,,,,
2.16576,6.975568774,39.71824688,0.126877335,0.700661904,,,,,
2.16588,6.975568774,39.71824688,0.126877335,0.700661904,,,,,
2.166,6.975568774,39.71824688,0.126877335,0.700661904,,,,,
2.16612,6.975568774,39.71824688,0.126877335,0.700661904,,,,,
2.16624,6.975568774,39.71824688,0.126877335,0.700661904,,,,,
2.16636,6.975568774,39.71824688,0.126877335,0.700661904,,,,,
2.16648,6.975568774,39.71824688,0.126877335,0.700661904,,,,,
2.1666,6.975568774,39.71824688,0.126877335,0.700661904,,,,,
2.16672,6.99941853,39.71857761,0.126197342,0.696930225,,,,,
2.16684,6.99941853,39.71857761,0.126197342,0.696930225,,,,,
2.16696,6.99941853,39.71857761,0.126197342,0.696930225,,,,,
2.16708,6.99941853,39.71857761,0.126197342,0.696930225,,,,,
2.1672,6.99941853,39.71857761,0.126197342,0.696930225,,,,,
2.16732,6.99941853,39.71857761,0.126197342,0.696930225,,,,,
2.16744,6.99941853,39.71857761,0.126197342,0.696930225,,,,,
2.16756,6.99941853,39.71857761,0.126197342,0.696930225,,,,,
2.16768,6.99941853,39.71857761,0.126197342,0.696930225,,,,,
2.1678,6.99962906,39.71899841,0.124714681,0.688827571,,,,,
2.16792,6.99962906,39.71899841,0.124714681,0.688827571,,,,,
2.16804,6.99962906,39.71899841,0.124714681,0.688827571,,,,,
2.16816,6.99962906,39.71899841,0.124714681,0.688827571,,,,,
2.16828,6.99962906,39.71899841,0.124714681,0.688827571,,,,,
2.1684,6.99962906,39.71899841,0.124714681,0.688827571,,,,,
2.16852,6.99962906,39.71899841,0.124714681,0.688827571,,,,,
2.16864,6.99962906,39.71899841,0.124714681,0.688827571,,,,,
2.16876,7.001305629,39.71857198,0.124634914,0.688442598,,,,,
2.16888,7.001305629,39.71857198,0.124634914,0.688442598,,,,,
2.169,7.001305629,39.71857198,0.124634914,0.688442598,,,,,
2.16912,7.001305629,39.71857198,0.124634914,0.688442598,,,,,
2.16924,7.001305629,39.71857198,0.124634914,0.688442598,,,,,
2.16936,7.001305629,39.71857198,0.124634914,0.688442598,,,,,
2.16948,7.001305629,39.71857198,0.124634914,0.688442598,,,,,
2.1696,7.001305629,39.71857198,0.124634914,0.688442598,,,,,
2.16972,7.001305629,39.71857198,0.124634914,0.688442598,,,,,
2.16984,7.001004637,39.71700072,0.125456433,0.693082441,,,,,
2.16996,7.001004637,39.71700072,0.125456433,0.693082441,,,,,
2.17008,7.001004637,39.71700072,0.125456433,0.693082441,,,,,
2.1702,7.001004637,39.71700072,0.125456433,0.693082441,,,,,
2.17032,7.001004637,39.71700072,0.125456433,0.693082441,,,,,
2.17044,7.001004637,39.71700072,0.125456433,0.693082441,,,,,
2.17056,7.001004637,39.71700072,0.125456433,0.693082441,,,,,
2.17068,7.001004637,39.71700072,0.125456433,0.693082441,,,,,
2.1708,7.001004637,39.71700072,0.125456433,0.693082441,,,,,
2.17092,7.032203987,39.71675455,0.125615488,0.69397343,,,,,
2.17104,7.032203987,39.71675455,0.125615488,0.69397343,,,,,
2.17116,7.032203987,39.71675455,0.125615488,0.69397343,,,,,
2.17128,7.032203987,39.71675455,0.125615488,0.69397343,,,,,
2.1714,7.032203987,39.71675455,0.125615488,0.69397343,,,,,
2.17152,7.032203987,39.71675455,0.125615488,0.69397343,,,,,
2.17164,7.032203987,39.71675455,0.125615488,0.69397343,,,,,
2.17176,7.032203987,39.71675455,0.125615488,0.69397343,,,,,
2.17188,7.009908492,39.71668709,0.125637311,0.694098731,,,,,
2.172,7.009908492,39.71668709,0.125637311,0.694098731,,,,,
2.17212,7.009908492,39.71668709,0.125637311,0.694098731,,,,,
2.17224,7.009908492,39.71668709,0.125637311,0.694098731,,,,,
2.17236,7.009908492,39.71668709,0.125637311,0.694098731,,,,,
2.17248,7.009908492,39.71668709,0.125637311,0.694098731,,,,,
2.1726,7.009908492,39.71668709,0.125637311,0.694098731,,,,,
2.17272,7.009908492,39.71668709,0.125637311,0.694098731,,,,,
2.17284,7.009908492,39.71668709,0.125637311,0.694098731,,,,,
2.17296,7.022251286,39.71592074,0.126380676,0.698218389,,,,,
2.17308,7.022251286,39.71592074,0.126380676,0.698218389,,,,,
2.1732,7.022251286,39.71592074,0.126380676,0.698218389,,,,,
2.17332,7.022251286,39.71592074,0.126380676,0.698218389,,,,,
2.17344,7.022251286,39.71592074,0.126380676,0.698218389,,,,,
2.17356,7.022251286,39.71592074,0.126380676,0.698218389,,,,,
2.17368,7.022251286,39.71592074,0.126380676,0.698218389,,,,,
2.1738,7.022251286,39.71592074,0.126380676,0.698218389,,,,,
2.17392,7.022251286,39.71592074,0.126380676,0.698218389,,,,,
2.17404,7.022603698,39.71598962,0.126257629,0.69754217,,,,,
2.17416,7.022603698,39.71598962,0.126257629,0.69754217,,,,,
2.17428,7.022603698,39.71598962,0.126257629,0.69754217,,,,,
2.1744,7.022603698,39.71598962,0.126257629,0.69754217,,,,,
2.17452,7.022603698,39.71598962,0.126257629,0.69754217,,,,,
2.17464,7.022603698,39.71598962,0.126257629,0.69754217,,,,,
2.17476,7.022603698,39.71598962,0.126257629,0.69754217,,,,,
2.17488,7.022603698,39.71598962,0.126257629,0.69754217,,,,,
2.175,7.020940921,39.71572467,0.126565627,0.699242045,,,,,
2.17512,7.020940921,39.71572467,0.126565627,0.699242045,,,,,
2.17524,7.020940921,39.71572467,0.126565627,0.699242045,,,,,
2.17536,7.020940921,39.71572467,0.126565627,0.699242045,,,,,
2.17548,7.020940921,39.71572467,0.126565627,0.699242045,,,,,
2.1756,7.020940921,39.71572467,0.126565627,0.699242045,,,,,
2.17572,7.020940921,39.71572467,0.126565627,0.699242045,,,,,
2.17584,7.020940921,39.71572467,0.126565627,0.699242045,,,,,
2.17596,7.020940921,39.71572467,0.126565627,0.699242045,,,,,
2.17608,7.022664307,39.71563412,0.126624881,0.699573602,,,,,
2.1762,7.022664307,39.71563412,0.126624881,0.699573602,,,,,
2.17632,7.022664307,39.71563412,0.126624881,0.699573602,,,,,
2.17644,7.022664307,39.71563412,0.126624881,0.699573602,,,,,
2.17656,7.022664307,39.71563412,0.126624881,0.699573602,,,,,
2.17668,7.022664307,39.71563412,0.126624881,0.699573602,,,,,
2.1768,7.022664307,39.71563412,0.126624881,0.699573602,,,,,
2.17692,7.022664307,39.71563412,0.126624881,0.699573602,,,,,
2.17704,7.022664307,39.71563412,0.126624881,0.699573602,,,,,
2.17716,7.022921479,39.71549004,0.126749886,0.700268417,,,,,
2.17728,7.022921479,39.71549004,0.126749886,0.700268417,,,,,
2.1774,7.022921479,39.71549004,0.126749886,0.700268417,,,,,
2.17752,7.022921479,39.71549004,0.126749886,0.700268417,,,,,
2.17764,7.022921479,39.71549004,0.126749886,0.700268417,,,,,
2.17776,7.022921479,39.71549004,0.126749886,0.700268417,,,,,
2.17788,7.022921479,39.71549004,0.126749886,0.700268417,,,,,
2.178,7.022921479,39.71549004,0.126749886,0.700268417,,,,,
2.17812,7.022921479,39.71549004,0.126749886,0.700268417,,,,,
2.17824,7.021081902,39.7153854,0.126880632,0.700989932,,,,,
2.17836,7.021081902,39.7153854,0.126880632,0.700989932,,,,,
2.17848,7.021081902,39.7153854,0.126880632,0.700989932,,,,,
2.1786,7.021081902,39.7153854,0.126880632,0.700989932,,,,,
2.17872,7.021081902,39.7153854,0.126880632,0.700989932,,,,,
2.17884,7.021081902,39.7153854,0.126880632,0.700989932,,,,,
2.17896,7.021081902,39.7153854,0.126880632,0.700989932,,,,,
2.17908,7.021081902,39.7153854,0.126880632,0.700989932,,,,,
2.1792,7.02194426,39.71515937,0.127106849,0.702244036,,,,,
2.17932,7.02194426,39.71515937,0.127106849,0.702244036,,,,,
2.17944,7.02194426,39.71515937,0.127106849,0.702244036,,,,,
2.17956,7.02194426,39.71515937,0.127106849,0.702244036,,,,,
2.17968,7.02194426,39.71515937,0.127106849,0.702244036,,,,,
2.1798,7.02194426,39.71515937,0.127106849,0.702244036,,,,,
2.17992,7.02194426,39.71515937,0.127106849,0.702244036,,,,,
2.18004,7.02194426,39.71515937,0.127106849,0.702244036,,,,,
2.18016,7.02194426,39.71515937,0.127106849,0.702244036,,,,,
2.18028,7.024505878,39.71521438,0.127099988,0.702201295,,,,,
2.1804,7.024505878,39.71521438,0.127099988,0.702201295,,,,,
2.18052,7.024505878,39.71521438,0.127099988,0.702201295,,,,,
2.18064,7.024505878,39.71521438,0.127099988,0.702201295,,,,,
2.18076,7.024505878,39.71521438,0.127099988,0.702201295,,,,,
2.18088,7.024505878,39.71521438,0.127099988,0.702201295,,,,,
2.181,7.024505878,39.71521438,0.127099988,0.702201295,,,,,
2.18112,7.024505878,39.71521438,0.127099988,0.702201295,,,,,
2.18124,7.024505878,39.71521438,0.127099988,0.702201295,,,,,
2.18136,7.023521712,39.71533451,0.127023994,0.701776212,,,,,
2.18148,7.023521712,39.71533451,0.127023994,0.701776212,,,,,
2.1816,7.023521712,39.71533451,0.127023994,0.701776212,,,,,
2.18172,7.023521712,39.71533451,0.127023994,0.701776212,,,,,
2.18184,7.023521712,39.71533451,0.127023994,0.701776212,,,,,
2.18196,7.023521712,39.71533451,0.127023994,0.701776212,,,,,
2.18208,7.023521712,39.71533451,0.127023994,0.701776212,,,,,
2.1822,7.023521712,39.71533451,0.127023994,0.701776212,,,,,
2.18232,7.025399435,39.71552811,0.126840738,0.700760997,,,,,
2.18244,7.025399435,39.71552811,0.126840738,0.700760997,,,,,
2.18256,7.025399435,39.71552811,0.126840738,0.700760997,,,,,
2.18268,7.025399435,39.71552811,0.126840738,0.700760997,,,,,
2.1828,7.025399435,39.71552811,0.126840738,0.700760997,,,,,
2.18292,7.025399435,39.71552811,0.126840738,0.700760997,,,,,
2.18304,7.025399435,39.71552811,0.126840738,0.700760997,,,,,
2.18316,7.025399435,39.71552811,0.126840738,0.700760997,,,,,
2.18328,7.025399435,39.71552811,0.126840738,0.700760997,,,,,
2.1834,7.037023014,39.71597718,0.126227597,0.697385669,,,,,
2.18352,7.037023014,39.71597718,0.126227597,0.697385669,,,,,
2.18364,7.037023014,39.71597718,0.126227597,0.697385669,,,,,
2.18376,7.037023014,39.71597718,0.126227597,0.697385669,,,,,
2.18388,7.037023014,39.71597718,0.126227597,0.697385669,,,,,
2.184,7.037023014,39.71597718,0.126227597,0.697385669,,,,,
2.18412,7.037023014,39.71597718,0.126227597,0.697385669,,,,,
2.18424,7.037023014,39.71597718,0.126227597,0.697385669,,,,,
2.18436,7.037023014,39.71597718,0.126227597,0.697385669,,,,,
2.18448,7.039836846,39.71642482,0.125055479,0.690987956,,,,,
2.1846,7.039836846,39.71642482,0.125055479,0.690987956,,,,,
2.18472,7.039836846,39.71642482,0.125055479,0.690987956,,,,,
2.18484,7.039836846,39.71642482,0.125055479,0.690987956,,,,,
2.18496,7.039836846,39.71642482,0.125055479,0.690987956,,,,,
2.18508,7.039836846,39.71642482,0.125055479,0.690987956,,,,,
2.1852,7.039836846,39.71642482,0.125055479,0.690987956,,,,,
2.18532,7.039836846,39.71642482,0.125055479,0.690987956,,,,,
2.18544,7.041411814,39.71593736,0.125094936,0.691269634,,,,,
2.18556,7.041411814,39.71593736,0.125094936,0.691269634,,,,,
2.18568,7.041411814,39.71593736,0.125094936,0.691269634,,,,,
2.1858,7.041411814,39.71593736,0.125094936,0.691269634,,,,,
2.18592,7.041411814,39.71593736,0.125094936,0.691269634,,,,,
2.18604,7.041411814,39.71593736,0.125094936,0.691269634,,,,,
2.18616,7.041411814,39.71593736,0.125094936,0.691269634,,,,,
2.18628,7.041411814,39.71593736,0.125094936,0.691269634,,,,,
2.1864,7.041411814,39.71593736,0.125094936,0.691269634,,,,,
2.18652,7.035517137,39.71464907,0.125963115,0.696140851,,,,,
2.18664,7.035517137,39.71464907,0.125963115,0.696140851,,,,,
2.18676,7.035517137,39.71464907,0.125963115,0.696140851,,,,,
2.18688,7.035517137,39.71464907,0.125963115,0.696140851,,,,,
2.187,7.035517137,39.71464907,0.125963115,0.696140851,,,,,
2.18712,7.035517137,39.71464907,0.125963115,0.696140851,,,,,
2.18724,7.035517137,39.71464907,0.125963115,0.696140851,,,,,
2.18736,7.035517137,39.71464907,0.125963115,0.696140851,,,,,
2.18748,7.035517137,39.71464907,0.125963115,0.696140851,,,,,
2.1876,7.072766746,39.71423795,0.12634833,0.698277826,,,,,
2.18772,7.072766746,39.71423795,0.12634833,0.698277826,,,,,
2.18784,7.072766746,39.71423795,0.12634833,0.698277826,,,,,
2.18796,7.072766746,39.71423795,0.12634833,0.698277826,,,,,
2.18808,7.072766746,39.71423795,0.12634833,0.698277826,,,,,
2.1882,7.072766746,39.71423795,0.12634833,0.698277826,,,,,
2.18832,7.072766746,39.71423795,0.12634833,0.698277826,,,,,
2.18844,7.072766746,39.71423795,0.12634833,0.698277826,,,,,
2.18856,7.051796431,39.71527646,0.125420523,0.693120778,,,,,
2.18868,7.051796431,39.71527646,0.125420523,0.693120778,,,,,
2.1888,7.051796431,39.71527646,0.125420523,0.693120778,,,,,
2.18892,7.051796431,39.71527646,0.125420523,0.693120778,,,,,
2.18904,7.051796431,39.71527646,0.125420523,0.693120778,,,,,
2.18916,7.051796431,39.71527646,0.125420523,0.693120778,,,,,
2.18928,7.051796431,39.71527646,0.125420523,0.693120778,,,,,
2.1894,7.051796431,39.71527646,0.125420523,0.693120778,,,,,
2.18952,7.051796431,39.71527646,0.125420523,0.693120778,,,,,
2.18964,7.044105878,39.71428419,0.126465107,0.698897897,,,,,
2.18976,7.044105878,39.71428419,0.126465107,0.698897897,,,,,
2.18988,7.044105878,39.71428419,0.126465107,0.698897897,,,,,
2.19,7.044105878,39.71428419,0.126465107,0.698897897,,,,,
2.19012,7.044105878,39.71428419,0.126465107,0.698897897,,,,,
2.19024,7.044105878,39.71428419,0.126465107,0.698897897,,,,,
2.19036,7.044105878,39.71428419,0.126465107,0.698897897,,,,,
2.19048,7.044105878,39.71428419,0.126465107,0.698897897,,,,,
2.1906,7.044105878,39.71428419,0.126465107,0.698897897,,,,,
2.19072,7.063202535,39.71454487,0.126195738,0.697406216,,,,,
2.19084,7.063202535,39.71454487,0.126195738,0.697406216,,,,,
2.19096,7.063202535,39.71454487,0.126195738,0.697406216,,,,,
2.19108,7.063202535,39.71454487,0.126195738,0.697406216,,,,,
2.1912,7.063202535,39.71454487,0.126195738,0.697406216,,,,,
2.19132,7.063202535,39.71454487,0.126195738,0.697406216,,,,,
2.19144,7.063202535,39.71454487,0.126195738,0.697406216,,,,,
2.19156,7.063202535,39.71454487,0.126195738,0.697406216,,,,,
2.19168,7.054271543,39.71478919,0.125880479,0.695669961,,,,,
2.1918,7.054271543,39.71478919,0.125880479,0.695669961,,,,,
2.19192,7.054271543,39.71478919,0.125880479,0.695669961,,,,,
2.19204,7.054271543,39.71478919,0.125880479,0.695669961,,,,,
2.19216,7.054271543,39.71478919,0.125880479,0.695669961,,,,,
2.19228,7.054271543,39.71478919,0.125880479,0.695669961,,,,,
2.1924,7.054271543,39.71478919,0.125880479,0.695669961,,,,,
2.19252,7.054271543,39.71478919,0.125880479,0.695669961,,,,,
2.19264,7.054271543,39.71478919,0.125880479,0.695669961,,,,,
2.19276,7.054889031,39.71475495,0.125952968,0.696065274,,,,,
2.19288,7.054889031,39.71475495,0.125952968,0.696065274,,,,,
2.193,7.054889031,39.71475495,0.125952968,0.696065274,,,,,
2.19312,7.054889031,39.71475495,0.125952968,0.696065274,,,,,
2.19324,7.054889031,39.71475495,0.125952968,0.696065274,,,,,
2.19336,7.054889031,39.71475495,0.125952968,0.696065274,,,,,
2.19348,7.054889031,39.71475495,0.125952968,0.696065274,,,,,
2.1936,7.054889031,39.71475495,0.125952968,0.696065274,,,,,
2.19372,7.054889031,39.71475495,0.125952968,0.696065274,,,,,
2.19384,7.054851576,39.71471662,0.125956985,0.696092723,,,,,
2.19396,7.054851576,39.71471662,0.125956985,0.696092723,,,,,
2.19408,7.054851576,39.71471662,0.125956985,0.696092723,,,,,
2.1942,7.054851576,39.71471662,0.125956985,0.696092723,,,,,
2.19432,7.054851576,39.71471662,0.125956985,0.696092723,,,,,
2.19444,7.054851576,39.71471662,0.125956985,0.696092723,,,,,
2.19456,7.054851576,39.71471662,0.125956985,0.696092723,,,,,
2.19468,7.054851576,39.71471662,0.125956985,0.696092723,,,,,
2.1948,7.055682115,39.71474378,0.125940069,0.695997854,,,,,
2.19492,7.055682115,39.71474378,0.125940069,0.695997854,,,,,
2.19504,7.055682115,39.71474378,0.125940069,0.695997854,,,,,
2.19516,7.055682115,39.71474378,0.125940069,0.695997854,,,,,
2.19528,7.055682115,39.71474378,0.125940069,0.695997854,,,,,
2.1954,7.055682115,39.71474378,0.125940069,0.695997854,,,,,
2.19552,7.055682115,39.71474378,0.125940069,0.695997854,,,,,
2.19564,7.055682115,39.71474378,0.125940069,0.695997854,,,,,
2.19576,7.055682115,39.71474378,0.125940069,0.695997854,,,,,
2.19588,7.054818081,39.71470407,0.125964239,0.696134823,,,,,
2.196,7.054818081,39.71470407,0.125964239,0.696134823,,,,,
2.19612,7.054818081,39.71470407,0.125964239,0.696134823,,,,,
2.19624,7.054818081,39.71470407,0.125964239,0.696134823,,,,,
2.19636,7.054818081,39.71470407,0.125964239,0.696134823,,,,,
2.19648,7.054818081,39.71470407,0.125964239,0.696134823,,,,,
2.1966,7.054818081,39.71470407,0.125964239,0.696134823,,,,,
2.19672,7.054818081,39.71470407,0.125964239,0.696134823,,,,,
2.19684,7.054818081,39.71470407,0.125964239,0.696134823,,,,,
2.19696,7.05814987,39.71477518,0.125880871,0.695675868,,,,,
2.19708,7.05814987,39.71477518,0.125880871,0.695675868,,,,,
2.1972,7.05814987,39.71477518,0.125880871,0.695675868,,,,,
2.19732,7.05814987,39.71477518,0.125880871,0.695675868,,,,,
2.19744,7.05814987,39.71477518,0.125880871,0.695675868,,,,,
2.19756,7.05814987,39.71477518,0.125880871,0.695675868,,,,,
2.19768,7.05814987,39.71477518,0.125880871,0.695675868,,,,,
2.1978,7.05814987,39.71477518,0.125880871,0.695675868,,,,,
2.19792,7.055744965,39.71485607,0.125774907,0.69509379,,,,,
2.19804,7.055744965,39.71485607,0.125774907,0.69509379,,,,,
2.19816,7.055744965,39.71485607,0.125774907,0.69509379,,,,,
2.19828,7.055744965,39.71485607,0.125774907,0.69509379,,,,,
2.1984,7.055744965,39.71485607,0.125774907,0.69509379,,,,,
2.19852,7.055744965,39.71485607,0.125774907,0.69509379,,,,,
2.19864,7.055744965,39.71485607,0.125774907,0.69509379,,,,,
2.19876,7.055744965,39.71485607,0.125774907,0.69509379,,,,,
2.19888,7.055744965,39.71485607,0.125774907,0.69509379,,,,,
2.199,7.055775849,39.71475992,0.125858333,0.695558805,,,,,
2.19912,7.055775849,39.71475992,0.125858333,0.695558805,,,,,
2.19924,7.055775849,39.71475992,0.125858333,0.695558805,,,,,
2.19936,7.055775849,39.71475992,0.125858333,0.695558805,,,,,
2.19948,7.055775849,39.71475992,0.125858333,0.695558805,,,,,
2.1996,7.055775849,39.71475992,0.125858333,0.695558805,,,,,
2.19972,7.055775849,39.71475992,0.125858333,0.695558805,,,,,
2.19984,7.055775849,39.71475992,0.125858333,0.695558805,,,,,
2.19996,7.055775849,39.71475992,0.125858333,0.695558805,,,,,
2.20008,7.062795002,39.7148386,0.125731728,0.694865663,,,,,
2.2002,7.062795002,39.7148386,0.125731728,0.694865663,,,,,
2.20032,7.062795002,39.7148386,0.125731728,0.694865663,,,,,
2.20044,7.062795002,39.7148386,0.125731728,0.694865663,,,,,
2.20056,7.062795002,39.7148386,0.125731728,0.694865663,,,,,
2.20068,7.062795002,39.7148386,0.125731728,0.694865663,,,,,
2.2008,7.062795002,39.7148386,0.125731728,0.694865663,,,,,
2.20092,7.062795002,39.7148386,0.125731728,0.694865663,,,,,
2.20104,7.062795002,39.7148386,0.125731728,0.694865663,,,,,
2.20116,7.068908589,39.71516143,0.125041891,0.691103615,,,,,
2.20128,7.068908589,39.71516143,0.125041891,0.691103615,,,,,
2.2014,7.068908589,39.71516143,0.125041891,0.691103615,,,,,
2.20152,7.068908589,39.71516143,0.125041891,0.691103615,,,,,
2.20164,7.068908589,39.71516143,0.125041891,0.691103615,,,,,
2.20176,7.068908589,39.71516143,0.125041891,0.691103615,,,,,
2.20188,7.068908589,39.71516143,0.125041891,0.691103615,,,,,
2.202,7.068908589,39.71516143,0.125041891,0.691103615,,,,,
2.20212,7.072142494,39.7149677,0.124933372,0.690553638,,,,,
2.20224,7.072142494,39.7149677,0.124933372,0.690553638,,,,,
2.20236,7.072142494,39.7149677,0.124933372,0.690553638,,,,,
2.20248,7.072142494,39.7149677,0.124933372,0.690553638,,,,,
2.2026,7.072142494,39.7149677,0.124933372,0.690553638,,,,,
2.20272,7.072142494,39.7149677,0.124933372,0.690553638,,,,,
2.20284,7.072142494,39.7149677,0.124933372,0.690553638,,,,,
2.20296,7.072142494,39.7149677,0.124933372,0.690553638,,,,,
2.20308,7.072142494,39.7149677,0.124933372,0.690553638,,,,,
2.2032,7.066556128,39.71443329,0.125240533,0.692294857,,,,,
2.20332,7.066556128,39.71443329,0.125240533,0.692294857,,,,,
2.20344,7.066556128,39.71443329,0.125240533,0.692294857,,,,,
2.20356,7.066556128,39.71443329,0.125240533,0.692294857,,,,,
2.20368,7.066556128,39.71443329,0.125240533,0.692294857,,,,,
2.2038,7.066556128,39.71443329,0.125240533,0.692294857,,,,,
2.20392,7.066556128,39.71443329,0.125240533,0.692294857,,,,,
2.20404,7.066556128,39.71443329,0.125240533,0.692294857,,,,,
2.20416,7.066556128,39.71443329,0.125240533,0.692294857,,,,,
2.20428,7.092025188,39.71396704,0.125587563,0.694238145,,,,,
2.2044,7.092025188,39.71396704,0.125587563,0.694238145,,,,,
2.20452,7.092025188,39.71396704,0.125587563,0.694238145,,,,,
2.20464,7.092025188,39.71396704,0.125587563,0.694238145,,,,,
2.20476,7.092025188,39.71396704,0.125587563,0.694238145,,,,,
2.20488,7.092025188,39.71396704,0.125587563,0.694238145,,,,,
2.205,7.092025188,39.71396704,0.125587563,0.694238145,,,,,
2.20512,7.092025188,39.71396704,0.125587563,0.694238145,,,,,
2.20524,7.086800371,39.71505491,0.124508996,0.688262119,,,,,
2.20536,7.086800371,39.71505491,0.124508996,0.688262119,,,,,
2.20548,7.086800371,39.71505491,0.124508996,0.688262119,,,,,
2.2056,7.086800371,39.71505491,0.124508996,0.688262119,,,,,
2.20572,7.086800371,39.71505491,0.124508996,0.688262119,,,,,
2.20584,7.086800371,39.71505491,0.124508996,0.688262119,,,,,
2.20596,7.086800371,39.71505491,0.124508996,0.688262119,,,,,
2.20608,7.086800371,39.71505491,0.124508996,0.688262119,,,,,
2.2062,7.086800371,39.71505491,0.124508996,0.688262119,,,,,
2.20632,7.068025812,39.71427227,0.125261081,0.692432325,,,,,
2.20644,7.068025812,39.71427227,0.125261081,0.692432325,,,,,
2.20656,7.068025812,39.71427227,0.125261081,0.692432325,,,,,
2.20668,7.068025812,39.71427227,0.125261081,0.692432325,,,,,
2.2068,7.068025812,39.71427227,0.125261081,0.692432325,,,,,
2.20692,7.068025812,39.71427227,0.125261081,0.692432325,,,,,
2.20704,7.068025812,39.71427227,0.125261081,0.692432325,,,,,
2.20716,7.068025812,39.71427227,0.125261081,0.692432325,,,,,
2.20728,7.068025812,39.71427227,0.125261081,0.692432325,,,,,
2.2074,7.086656755,39.71395079,0.125578795,0.694191927,,,,,
2.20752,7.086656755,39.71395079,0.125578795,0.694191927,,,,,
2.20764,7.086656755,39.71395079,0.125578795,0.694191927,,,,,
2.20776,7.086656755,39.71395079,0.125578795,0.694191927,,,,,
2.20788,7.086656755,39.71395079,0.125578795,0.694191927,,,,,
2.208,7.086656755,39.71395079,0.125578795,0.694191927,,,,,
2.20812,7.086656755,39.71395079,0.125578795,0.694191927,,,,,
2.20824,7.086656755,39.71395079,0.125578795,0.694191927,,,,,
2.20836,7.082880147,39.71406515,0.125409749,0.693265454,,,,,
2.20848,7.082880147,39.71406515,0.125409749,0.693265454,,,,,
2.2086,7.082880147,39.71406515,0.125409749,0.693265454,,,,,
2.20872,7.082880147,39.71406515,0.125409749,0.693265454,,,,,
2.20884,7.082880147,39.71406515,0.125409749,0.693265454,,,,,
2.20896,7.082880147,39.71406515,0.125409749,0.693265454,,,,,
2.20908,7.082880147,39.71406515,0.125409749,0.693265454,,,,,
2.2092,7.082880147,39.71406515,0.125409749,0.693265454,,,,,
2.20932,7.082880147,39.71406515,0.125409749,0.693265454,,,,,
2.20944,7.083895353,39.71405706,0.125481915,0.693652859,,,,,
2.20956,7.083895353,39.71405706,0.125481915,0.693652859,,,,,
2.20968,7.083895353,39.71405706,0.125481915,0.693652859,,,,,
2.2098,7.083895353,39.71405706,0.125481915,0.693652859,,,,,
2.20992,7.083895353,39.71405706,0.125481915,0.693652859,,,,,
2.21004,7.083895353,39.71405706,0.125481915,0.693652859,,,,,
2.21016,7.083895353,39.71405706,0.125481915,0.693652859,,,,,
2.21028,7.083895353,39.71405706,0.125481915,0.693652859,,,,,
2.2104,7.083895353,39.71405706,0.125481915,0.693652859,,,,,
2.21052,7.084382587,39.714201,0.125343229,0.692883844,,,,,
2.21064,7.084382587,39.714201,0.125343229,0.692883844,,,,,
2.21076,7.084382587,39.714201,0.125343229,0.692883844,,,,,
2.21088,7.084382587,39.714201,0.125343229,0.692883844,,,,,
2.211,7.084382587,39.714201,0.125343229,0.692883844,,,,,
2.21112,7.084382587,39.714201,0.125343229,0.692883844,,,,,
2.21124,7.084382587,39.714201,0.125343229,0.692883844,,,,,
2.21136,7.084382587,39.714201,0.125343229,0.692883844,,,,,
2.21148,7.085626753,39.71440842,0.125136188,0.691737459,,,,,
2.2116,7.085626753,39.71440842,0.125136188,0.691737459,,,,,
2.21172,7.085626753,39.71440842,0.125136188,0.691737459,,,,,
2.21184,7.085626753,39.71440842,0.125136188,0.691737459,,,,,
2.21196,7.085626753,39.71440842,0.125136188,0.691737459,,,,,
2.21208,7.085626753,39.71440842,0.125136188,0.691737459,,,,,
2.2122,7.085626753,39.71440842,0.125136188,0.691737459,,,,,
2.21232,7.085626753,39.71440842,0.125136188,0.691737459,,,,,
2.21244,7.085626753,39.71440842,0.125136188,0.691737459,,,,,
2.21256,7.083870992,39.7145466,0.124971584,0.69083136,,,,,
2.21268,7.083870992,39.7145466,0.124971584,0.69083136,,,,,
2.2128,7.083870992,39.7145466,0.124971584,0.69083136,,,,,
2.21292,7.083870992,39.7145466,0.124971584,0.69083136,,,,,
2.21304,7.083870992,39.7145466,0.124971584,0.69083136,,,,,
2.21316,7.083870992,39.7145466,0.124971584,0.69083136,,,,,
2.21328,7.083870992,39.7145466,0.124971584,0.69083136,,,,,
2.2134,7.083870992,39.7145466,0.124971584,0.69083136,,,,,
2.21352,7.083870992,39.7145466,0.124971584,0.69083136,,,,,
2.21364,7.086064213,39.71460909,0.124872036,0.690287761,,,,,
2.21376,7.086064213,39.71460909,0.124872036,0.690287761,,,,,
2.21388,7.086064213,39.71460909,0.124872036,0.690287761,,,,,
2.214,7.086064213,39.71460909,0.124872036,0.690287761,,,,,
2.21412,7.086064213,39.71460909,0.124872036,0.690287761,,,,,
2.21424,7.086064213,39.71460909,0.124872036,0.690287761,,,,,
2.21436,7.086064213,39.71460909,0.124872036,0.690287761,,,,,
2.21448,7.086064213,39.71460909,0.124872036,0.690287761,,,,,
2.2146,7.085538487,39.71471257,0.124736502,0.689544009,,,,,
2.21472,7.085538487,39.71471257,0.124736502,0.689544009,,,,,
2.21484,7.085538487,39.71471257,0.124736502,0.689544009,,,,,
2.21496,7.085538487,39.71471257,0.124736502,0.689544009,,,,,
2.21508,7.085538487,39.71471257,0.124736502,0.689544009,,,,,
2.2152,7.085538487,39.71471257,0.124736502,0.689544009,,,,,
2.21532,7.085538487,39.71471257,0.124736502,0.689544009,,,,,
2.21544,7.085538487,39.71471257,0.124736502,0.689544009,,,,,
2.21556,7.085538487,39.71471257,0.124736502,0.689544009,,,,,
2.21568,7.085268547,39.71468763,0.124747662,0.689609164,,,,,
2.2158,7.085268547,39.71468763,0.124747662,0.689609164,,,,,
2.21592,7.085268547,39.71468763,0.124747662,0.689609164,,,,,
2.21604,7.085268547,39.71468763,0.124747662,0.689609164,,,,,
2.21616,7.085268547,39.71468763,0.124747662,0.689609164,,,,,
2.21628,7.085268547,39.71468763,0.124747662,0.689609164,,,,,
2.2164,7.085268547,39.71468763,0.124747662,0.689609164,,,,,
2.21652,7.085268547,39.71468763,0.124747662,0.689609164,,,,,
2.21664,7.085268547,39.71468763,0.124747662,0.689609164,,,,,
2.21676,7.089478224,39.71476608,0.124647117,0.689057089,,,,,
2.21688,7.089478224,39.71476608,0.124647117,0.689057089,,,,,
2.217,7.089478224,39.71476608,0.124647117,0.689057089,,,,,
2.21712,7.089478224,39.71476608,0.124647117,0.689057089,,,,,
2.21724,7.089478224,39.71476608,0.124647117,0.689057089,,,,,
2.21736,7.089478224,39.71476608,0.124647117,0.689057089,,,,,
2.21748,7.089478224,39.71476608,0.124647117,0.689057089,,,,,
2.2176,7.089478224,39.71476608,0.124647117,0.689057089,,,,,
2.21772,7.095016793,39.71503837,0.124164094,0.686423885,,,,,
2.21784,7.095016793,39.71503837,0.124164094,0.686423885,,,,,
2.21796,7.095016793,39.71503837,0.124164094,0.686423885,,,,,
2.21808,7.095016793,39.71503837,0.124164094,0.686423885,,,,,
2.2182,7.095016793,39.71503837,0.124164094,0.686423885,,,,,
2.21832,7.095016793,39.71503837,0.124164094,0.686423885,,,,,
2.21844,7.095016793,39.71503837,0.124164094,0.686423885,,,,,
2.21856,7.095016793,39.71503837,0.124164094,0.686423885,,,,,
2.21868,7.095016793,39.71503837,0.124164094,0.686423885,,,,,
2.2188,7.096941747,39.71483721,0.12412061,0.686234276,,,,,
2.21892,7.096941747,39.71483721,0.12412061,0.686234276,,,,,
2.21904,7.096941747,39.71483721,0.12412061,0.686234276,,,,,
2.21916,7.096941747,39.71483721,0.12412061,0.686234276,,,,,
2.21928,7.096941747,39.71483721,0.12412061,0.686234276,,,,,
2.2194,7.096941747,39.71483721,0.12412061,0.686234276,,,,,
2.21952,7.096941747,39.71483721,0.12412061,0.686234276,,,,,
2.21964,7.096941747,39.71483721,0.12412061,0.686234276,,,,,
2.21976,7.096941747,39.71483721,0.12412061,0.686234276,,,,,
2.21988,7.093738807,39.71446726,0.124369202,0.687637398,,,,,
2.22,7.093738807,39.71446726,0.124369202,0.687637398,,,,,
2.22012,7.093738807,39.71446726,0.124369202,0.687637398,,,,,
2.22024,7.093738807,39.71446726,0.124369202,0.687637398,,,,,
2.22036,7.093738807,39.71446726,0.124369202,0.687637398,,,,,
2.22048,7.093738807,39.71446726,0.124369202,0.687637398,,,,,
2.2206,7.093738807,39.71446726,0.124369202,0.687637398,,,,,
2.22072,7.093738807,39.71446726,0.124369202,0.687637398,,,,,
2.22084,7.107810274,39.71385187,0.124898976,0.69059015,,,,,
2.22096,7.107810274,39.71385187,0.124898976,0.69059015,,,,,
2.22108,7.107810274,39.71385187,0.124898976,0.69059015,,,,,
2.2212,7.107810274,39.71385187,0.124898976,0.69059015,,,,,
2.22132,7.107810274,39.71385187,0.124898976,0.69059015,,,,,
2.22144,7.107810274,39.71385187,0.124898976,0.69059015,,,,,
2.22156,7.107810274,39.71385187,0.124898976,0.69059015,,,,,
2.22168,7.107810274,39.71385187,0.124898976,0.69059015,,,,,
2.2218,7.107810274,39.71385187,0.124898976,0.69059015,,,,,
2.22192,7.114201528,39.71470688,0.12407447,0.686016666,,,,,
2.22204,7.114201528,39.71470688,0.12407447,0.686016666,,,,,
2.22216,7.114201528,39.71470688,0.12407447,0.686016666,,,,,
2.22228,7.114201528,39.71470688,0.12407447,0.686016666,,,,,
2.2224,7.114201528,39.71470688,0.12407447,0.686016666,,,,,
2.22252,7.114201528,39.71470688,0.12407447,0.686016666,,,,,
2.22264,7.114201528,39.71470688,0.12407447,0.686016666,,,,,
2.22276,7.114201528,39.71470688,0.12407447,0.686016666,,,,,
2.22288,7.114201528,39.71470688,0.12407447,0.686016666,,,,,
2.223,7.095551917,39.71453138,0.124256403,0.687022083,,,,,
2.22312,7.095551917,39.71453138,0.124256403,0.687022083,,,,,
2.22324,7.095551917,39.71453138,0.124256403,0.687022083,,,,,
2.22336,7.095551917,39.71453138,0.124256403,0.687022083,,,,,
2.22348,7.095551917,39.71453138,0.124256403,0.687022083,,,,,
2.2236,7.095551917,39.71453138,0.124256403,0.687022083,,,,,
2.22372,7.095551917,39.71453138,0.124256403,0.687022083,,,,,
2.22384,7.095551917,39.71453138,0.124256403,0.687022083,,,,,
2.22396,7.109553341,39.71442207,0.124389887,0.687755272,,,,,
2.22408,7.109553341,39.71442207,0.124389887,0.687755272,,,,,
2.2242,7.109553341,39.71442207,0.124389887,0.687755272,,,,,
2.22432,7.109553341,39.71442207,0.124389887,0.687755272,,,,,
2.22444,7.109553341,39.71442207,0.124389887,0.687755272,,,,,
2.22456,7.109553341,39.71442207,0.124389887,0.687755272,,,,,
2.22468,7.109553341,39.71442207,0.124389887,0.687755272,,,,,
2.2248,7.109553341,39.71442207,0.124389887,0.687755272,,,,,
2.22492,7.109553341,39.71442207,0.124389887,0.687755272,,,,,
2.22504,7.107849729,39.71479008,0.123959288,0.685384594,,,,,
2.22516,7.107849729,39.71479008,0.123959288,0.685384594,,,,,
2.22528,7.107849729,39.71479008,0.123959288,0.685384594,,,,,
2.2254,7.107849729,39.71479008,0.123959288,0.685384594,,,,,
2.22552,7.107849729,39.71479008,0.123959288,0.685384594,,,,,
2.22564,7.107849729,39.71479008,0.123959288,0.685384594,,,,,
2.22576,7.107849729,39.71479008,0.123959288,0.685384594,,,,,
2.22588,7.107849729,39.71479008,0.123959288,0.685384594,,,,,
2.226,7.107849729,39.71479008,0.123959288,0.685384594,,,,,
2.22612,7.10671167,39.71486831,0.123883779,0.684965613,,,,,
2.22624,7.10671167,39.71486831,0.123883779,0.684965613,,,,,
2.22636,7.10671167,39.71486831,0.123883779,0.684965613,,,,,
2.22648,7.10671167,39.71486831,0.123883779,0.684965613,,,,,
2.2266,7.10671167,39.71486831,0.123883779,0.684965613,,,,,
2.22672,7.10671167,39.71486831,0.123883779,0.684965613,,,,,
2.22684,7.10671167,39.71486831,0.123883779,0.684965613,,,,,
2.22696,7.10671167,39.71486831,0.123883779,0.684965613,,,,,
2.22708,7.10671167,39.71486831,0.123883779,0.684965613,,,,,
2.2272,7.106069192,39.71490857,0.123823536,0.684636677,,,,,
2.22732,7.106069192,39.71490857,0.123823536,0.684636677,,,,,
2.22744,7.106069192,39.71490857,0.123823536,0.684636677,,,,,
2.22756,7.106069192,39.71490857,0.123823536,0.684636677,,,,,
2.22768,7.106069192,39.71490857,0.123823536,0.684636677,,,,,
2.2278,7.106069192,39.71490857,0.123823536,0.684636677,,,,,
2.22792,7.106069192,39.71490857,0.123823536,0.684636677,,,,,
2.22804,7.106069192,39.71490857,0.123823536,0.684636677,,,,,
2.22816,7.10712273,39.71490172,0.12381941,0.684616668,,,,,
2.22828,7.10712273,39.71490172,0.12381941,0.684616668,,,,,
2.2284,7.10712273,39.71490172,0.12381941,0.684616668,,,,,
2.22852,7.10712273,39.71490172,0.12381941,0.684616668,,,,,
2.22864,7.10712273,39.71490172,0.12381941,0.684616668,,,,,
2.22876,7.10712273,39.71490172,0.12381941,0.684616668,,,,,
2.22888,7.10712273,39.71490172,0.12381941,0.684616668,,,,,
2.229,7.10712273,39.71490172,0.12381941,0.684616668,,,,,
2.22912,7.10712273,39.71490172,0.12381941,0.684616668,,,,,
2.22924,7.106308989,39.71492924,0.123797179,0.684492804,,,,,
2.22936,7.106308989,39.71492924,0.123797179,0.684492804,,,,,
2.22948,7.106308989,39.71492924,0.123797179,0.684492804,,,,,
2.2296,7.106308989,39.71492924,0.123797179,0.684492804,,,,,
2.22972,7.106308989,39.71492924,0.123797179,0.684492804,,,,,
2.22984,7.106308989,39.71492924,0.123797179,0.684492804,,,,,
2.22996,7.106308989,39.71492924,0.123797179,0.684492804,,,,,
2.23008,7.106308989,39.71492924,0.123797179,0.684492804,,,,,
2.2302,7.106308989,39.71492924,0.123797179,0.684492804,,,,,
2.23032,7.108322335,39.71498712,0.123749085,0.684224802,,,,,
2.23044,7.108322335,39.71498712,0.123749085,0.684224802,,,,,
2.23056,7.108322335,39.71498712,0.123749085,0.684224802,,,,,
2.23068,7.108322335,39.71498712,0.123749085,0.684224802,,,,,
2.2308,7.108322335,39.71498712,0.123749085,0.684224802,,,,,
2.23092,7.108322335,39.71498712,0.123749085,0.684224802,,,,,
2.23104,7.108322335,39.71498712,0.123749085,0.684224802,,,,,
2.23116,7.108322335,39.71498712,0.123749085,0.684224802,,,,,
2.23128,7.109254843,39.71523486,0.123508827,0.682893207,,,,,
2.2314,7.109254843,39.71523486,0.123508827,0.682893207,,,,,
2.23152,7.109254843,39.71523486,0.123508827,0.682893207,,,,,
2.23164,7.109254843,39.71523486,0.123508827,0.682893207,,,,,
2.23176,7.109254843,39.71523486,0.123508827,0.682893207,,,,,
2.23188,7.109254843,39.71523486,0.123508827,0.682893207,,,,,
2.232,7.109254843,39.71523486,0.123508827,0.682893207,,,,,
2.23212,7.109254843,39.71523486,0.123508827,0.682893207,,,,,
2.23224,7.109254843,39.71523486,0.123508827,0.682893207,,,,,
2.23236,7.108445189,39.71544469,0.123297591,0.681724303,,,,,
2.23248,7.108445189,39.71544469,0.123297591,0.681724303,,,,,
2.2326,7.108445189,39.71544469,0.123297591,0.681724303,,,,,
2.23272,7.108445189,39.71544469,0.123297591,0.681724303,,,,,
2.23284,7.108445189,39.71544469,0.123297591,0.681724303,,,,,
2.23296,7.108445189,39.71544469,0.123297591,0.681724303,,,,,
2.23308,7.108445189,39.71544469,0.123297591,0.681724303,,,,,
2.2332,7.108445189,39.71544469,0.123297591,0.681724303,,,,,
2.23332,7.108445189,39.71544469,0.123297591,0.681724303,,,,,
2.23344,7.109940548,39.71563977,0.123084188,0.680547179,,,,,
2.23356,7.109940548,39.71563977,0.123084188,0.680547179,,,,,
2.23368,7.109940548,39.71563977,0.123084188,0.680547179,,,,,
2.2338,7.109940548,39.71563977,0.123084188,0.680547179,,,,,
2.23392,7.109940548,39.71563977,0.123084188,0.680547179,,,,,
2.23404,7.109940548,39.71563977,0.123084188,0.680547179,,,,,
2.23416,7.109940548,39.71563977,0.123084188,0.680547179,,,,,
2.23428,7.109940548,39.71563977,0.123084188,0.680547179,,,,,
2.2344,7.113671133,39.71587534,0.122719193,0.678557038,,,,,
2.23452,7.113671133,39.71587534,0.122719193,0.678557038,,,,,
2.23464,7.113671133,39.71587534,0.122719193,0.678557038,,,,,
2.23476,7.113671133,39.71587534,0.122719193,0.678557038,,,,,
2.23488,7.113671133,39.71587534,0.122719193,0.678557038,,,,,
2.235,7.113671133,39.71587534,0.122719193,0.678557038,,,,,
2.23512,7.113671133,39.71587534,0.122719193,0.678557038,,,,,
2.23524,7.113671133,39.71587534,0.122719193,0.678557038,,,,,
2.23536,7.113671133,39.71587534,0.122719193,0.678557038,,,,,
2.23548,7.114663245,39.71567273,0.122732108,0.678676548,,,,,
2.2356,7.114663245,39.71567273,0.122732108,0.678676548,,,,,
2.23572,7.114663245,39.71567273,0.122732108,0.678676548,,,,,
2.23584,7.114663245,39.71567273,0.122732108,0.678676548,,,,,
2.23596,7.114663245,39.71567273,0.122732108,0.678676548,,,,,
2.23608,7.114663245,39.71567273,0.122732108,0.678676548,,,,,
2.2362,7.114663245,39.71567273,0.122732108,0.678676548,,,,,
2.23632,7.114663245,39.71567273,0.122732108,0.678676548,,,,,
2.23644,7.114663245,39.71567273,0.122732108,0.678676548,,,,,
2.23656,7.115259743,39.71544493,0.122897726,0.679609944,,,,,
2.23668,7.115259743,39.71544493,0.122897726,0.679609944,,,,,
2.2368,7.115259743,39.71544493,0.122897726,0.679609944,,,,,
2.23692,7.115259743,39.71544493,0.122897726,0.679609944,,,,,
2.23704,7.115259743,39.71544493,0.122897726,0.679609944,,,,,
2.23716,7.115259743,39.71544493,0.122897726,0.679609944,,,,,
2.23728,7.115259743,39.71544493,0.122897726,0.679609944,,,,,
2.2374,7.115259743,39.71544493,0.122897726,0.679609944,,,,,
2.23752,7.120222668,39.71498259,0.123309044,0.681901088,,,,,
2.23764,7.120222668,39.71498259,0.123309044,0.681901088,,,,,
2.23776,7.120222668,39.71498259,0.123309044,0.681901088,,,,,
2.23788,7.120222668,39.71498259,0.123309044,0.681901088,,,,,
2.238,7.120222668,39.71498259,0.123309044,0.681901088,,,,,
2.23812,7.120222668,39.71498259,0.123309044,0.681901088,,,,,
2.23824,7.120222668,39.71498259,0.123309044,0.681901088,,,,,
2.23836,7.120222668,39.71498259,0.123309044,0.681901088,,,,,
2.23848,7.120222668,39.71498259,0.123309044,0.681901088,,,,,
2.2386,7.129028489,39.7154396,0.122864187,0.679433964,,,,,
2.23872,7.129028489,39.7154396,0.122864187,0.679433964,,,,,
2.23884,7.129028489,39.7154396,0.122864187,0.679433964,,,,,
2.23896,7.129028489,39.7154396,0.122864187,0.679433964,,,,,
2.23908,7.129028489,39.7154396,0.122864187,0.679433964,,,,,
2.2392,7.129028489,39.7154396,0.122864187,0.679433964,,,,,
2.23932,7.129028489,39.7154396,0.122864187,0.679433964,,,,,
2.23944,7.129028489,39.7154396,0.122864187,0.679433964,,,,,
2.23956,7.129028489,39.7154396,0.122864187,0.679433964,,,,,
2.23968,7.115181359,39.71543219,0.12286967,0.679464373,,,,,
2.2398,7.115181359,39.71543219,0.12286967,0.679464373,,,,,
2.23992,7.115181359,39.71543219,0.12286967,0.679464373,,,,,
2.24004,7.115181359,39.71543219,0.12286967,0.679464373,,,,,
2.24016,7.115181359,39.71543219,0.12286967,0.679464373,,,,,
2.24028,7.115181359,39.71543219,0.12286967,0.679464373,,,,,
2.2404,7.115181359,39.71543219,0.12286967,0.679464373,,,,,
2.24052,7.115181359,39.71543219,0.12286967,0.679464373,,,,,
2.24064,7.122885593,39.71523093,0.123088704,0.680671982,,,,,
2.24076,7.122885593,39.71523093,0.123088704,0.680671982,,,,,
2.24088,7.122885593,39.71523093,0.123088704,0.680671982,,,,,
2.241,7.122885593,39.71523093,0.123088704,0.680671982,,,,,
2.24112,7.122885593,39.71523093,0.123088704,0.680671982,,,,,
2.24124,7.122885593,39.71523093,0.123088704,0.680671982,,,,,
2.24136,7.122885593,39.71523093,0.123088704,0.680671982,,,,,
2.24148,7.122885593,39.71523093,0.123088704,0.680671982,,,,,
2.2416,7.122885593,39.71523093,0.123088704,0.680671982,,,,,
2.24172,7.123113501,39.7154225,0.122864943,0.67944148,,,,,
2.24184,7.123113501,39.7154225,0.122864943,0.67944148,,,,,
2.24196,7.123113501,39.7154225,0.122864943,0.67944148,,,,,
2.24208,7.123113501,39.7154225,0.122864943,0.67944148,,,,,
2.2422,7.123113501,39.7154225,0.122864943,0.67944148,,,,,
2.24232,7.123113501,39.7154225,0.122864943,0.67944148,,,,,
2.24244,7.123113501,39.7154225,0.122864943,0.67944148,,,,,
2.24256,7.123113501,39.7154225,0.122864943,0.67944148,,,,,
2.24268,7.123113501,39.7154225,0.122864943,0.67944148,,,,,
2.2428,7.122361611,39.71546379,0.122833744,0.679265819,,,,,
2.24292,7.122361611,39.71546379,0.122833744,0.679265819,,,,,
2.24304,7.122361611,39.71546379,0.122833744,0.679265819,,,,,
2.24316,7.122361611,39.71546379,0.122833744,0.679265819,,,,,
2.24328,7.122361611,39.71546379,0.122833744,0.679265819,,,,,
2.2434,7.122361611,39.71546379,0.122833744,0.679265819,,,,,
2.24352,7.122361611,39.71546379,0.122833744,0.679265819,,,,,
2.24364,7.122361611,39.71546379,0.122833744,0.679265819,,,,,
2.24376,7.122315256,39.71554912,0.122750194,0.678802755,,,,,
2.24388,7.122315256,39.71554912,0.122750194,0.678802755,,,,,
2.244,7.122315256,39.71554912,0.122750194,0.678802755,,,,,
2.24412,7.122315256,39.71554912,0.122750194,0.678802755,,,,,
2.24424,7.122315256,39.71554912,0.122750194,0.678802755,,,,,
2.24436,7.122315256,39.71554912,0.122750194,0.678802755,,,,,
2.24448,7.122315256,39.71554912,0.122750194,0.678802755,,,,,
2.2446,7.122315256,39.71554912,0.122750194,0.678802755,,,,,
2.24472,7.122315256,39.71554912,0.122750194,0.678802755,,,,,
2.24484,7.123224196,39.71561511,0.122674253,0.678385223,,,,,
2.24496,7.123224196,39.71561511,0.122674253,0.678385223,,,,,
2.24508,7.123224196,39.71561511,0.122674253,0.678385223,,,,,
2.2452,7.123224196,39.71561511,0.122674253,0.678385223,,,,,
2.24532,7.123224196,39.71561511,0.122674253,0.678385223,,,,,
2.24544,7.123224196,39.71561511,0.122674253,0.678385223,,,,,
2.24556,7.123224196,39.71561511,0.122674253,0.678385223,,,,,
2.24568,7.123224196,39.71561511,0.122674253,0.678385223,,,,,
2.2458,7.123224196,39.71561511,0.122674253,0.678385223,,,,,
2.24592,7.122764974,39.7157041,0.122576771,0.677848161,,,,,
2.24604,7.122764974,39.7157041,0.122576771,0.677848161,,,,,
2.24616,7.122764974,39.7157041,0.122576771,0.677848161,,,,,
2.24628,7.122764974,39.7157041,0.122576771,0.677848161,,,,,
2.2464,7.122764974,39.7157041,0.122576771,0.677848161,,,,,
2.24652,7.122764974,39.7157041,0.122576771,0.677848161,,,,,
2.24664,7.122764974,39.7157041,0.122576771,0.677848161,,,,,
2.24676,7.122764974,39.7157041,0.122576771,0.677848161,,,,,
2.24688,7.122874398,39.71570013,0.122563401,0.677779427,,,,,
2.247,7.122874398,39.71570013,0.122563401,0.677779427,,,,,
2.24712,7.122874398,39.71570013,0.122563401,0.677779427,,,,,
2.24724,7.122874398,39.71570013,0.122563401,0.677779427,,,,,
2.24736,7.122874398,39.71570013,0.122563401,0.677779427,,,,,
2.24748,7.122874398,39.71570013,0.122563401,0.677779427,,,,,
2.2476,7.122874398,39.71570013,0.122563401,0.677779427,,,,,
2.24772,7.122874398,39.71570013,0.122563401,0.677779427,,,,,
2.24784,7.122874398,39.71570013,0.122563401,0.677779427,,,,,
2.24796,7.123203048,39.71569187,0.122553803,0.677731768,,,,,
2.24808,7.123203048,39.71569187,0.122553803,0.677731768,,,,,
2.2482,7.123203048,39.71569187,0.122553803,0.677731768,,,,,
2.24832,7.123203048,39.71569187,0.122553803,0.677731768,,,,,
2.24844,7.123203048,39.71569187,0.122553803,0.677731768,,,,,
2.24856,7.123203048,39.71569187,0.122553803,0.677731768,,,,,
2.24868,7.123203048,39.71569187,0.122553803,0.677731768,,,,,
2.2488,7.123203048,39.71569187,0.122553803,0.677731768,,,,,
2.24892,7.123203048,39.71569187,0.122553803,0.677731768,,,,,
2.24904,7.12259263,39.71561088,0.12262443,0.678126205,,,,,
2.24916,7.12259263,39.71561088,0.12262443,0.678126205,,,,,
2.24928,7.12259263,39.71561088,0.12262443,0.678126205,,,,,
2.2494,7.12259263,39.71561088,0.12262443,0.678126205,,,,,
2.24952,7.12259263,39.71561088,0.12262443,0.678126205,,,,,
2.24964,7.12259263,39.71561088,0.12262443,0.678126205,,,,,
2.24976,7.12259263,39.71561088,0.12262443,0.678126205,,,,,
2.24988,7.12259263,39.71561088,0.12262443,0.678126205,,,,,
2.25,7.123933427,39.71554053,0.122692752,0.67850541,,,,,
2.25012,7.123933427,39.71554053,0.122692752,0.67850541,,,,,
2.25024,7.123933427,39.71554053,0.122692752,0.67850541,,,,,
2.25036,7.123933427,39.71554053,0.122692752,0.67850541,,,,,
2.25048,7.123933427,39.71554053,0.122692752,0.67850541,,,,,
2.2506,7.123933427,39.71554053,0.122692752,0.67850541,,,,,
2.25072,7.123933427,39.71554053,0.122692752,0.67850541,,,,,
2.25084,7.123933427,39.71554053,0.122692752,0.67850541,,,,,
2.25096,7.123933427,39.71554053,0.122692752,0.67850541,,,,,
2.25108,7.127803587,39.71560911,0.122569505,0.677838818,,,,,
2.2512,7.127803587,39.71560911,0.122569505,0.677838818,,,,,
2.25132,7.127803587,39.71560911,0.122569505,0.677838818,,,,,
2.25144,7.127803587,39.71560911,0.122569505,0.677838818,,,,,
2.25156,7.127803587,39.71560911,0.122569505,0.677838818,,,,,
2.25168,7.127803587,39.71560911,0.122569505,0.677838818,,,,,
2.2518,7.127803587,39.71560911,0.122569505,0.677838818,,,,,
2.25192,7.127803587,39.71560911,0.122569505,0.677838818,,,,,
2.25204,7.127803587,39.71560911,0.122569505,0.677838818,,,,,
2.25216,7.128783521,39.71544231,0.122614423,0.678124161,,,,,
2.25228,7.128783521,39.71544231,0.122614423,0.678124161,,,,,
2.2524,7.128783521,39.71544231,0.122614423,0.678124161,,,,,
2.25252,7.128783521,39.71544231,0.122614423,0.678124161,,,,,
2.25264,7.128783521,39.71544231,0.122614423,0.678124161,,,,,
2.25276,7.128783521,39.71544231,0.122614423,0.678124161,,,,,
2.25288,7.128783521,39.71544231,0.122614423,0.678124161,,,,,
2.253,7.128783521,39.71544231,0.122614423,0.678124161,,,,,
2.25312,7.128783521,39.71544231,0.122614423,0.678124161,,,,,
2.25324,7.133064776,39.71541627,0.122620802,0.678165434,,,,,
2.25336,7.133064776,39.71541627,0.122620802,0.678165434,,,,,
2.25348,7.133064776,39.71541627,0.122620802,0.678165434,,,,,
2.2536,7.133064776,39.71541627,0.122620802,0.678165434,,,,,
2.25372,7.133064776,39.71541627,0.122620802,0.678165434,,,,,
2.25384,7.133064776,39.71541627,0.122620802,0.678165434,,,,,
2.25396,7.133064776,39.71541627,0.122620802,0.678165434,,,,,
2.25408,7.133064776,39.71541627,0.122620802,0.678165434,,,,,
2.2542,7.130612606,39.71529699,0.122715209,0.678695728,,,,,
2.25432,7.130612606,39.71529699,0.122715209,0.678695728,,,,,
2.25444,7.130612606,39.71529699,0.122715209,0.678695728,,,,,
2.25456,7.130612606,39.71529699,0.122715209,0.678695728,,,,,
2.25468,7.130612606,39.71529699,0.122715209,0.678695728,,,,,
2.2548,7.130612606,39.71529699,0.122715209,0.678695728,,,,,
2.25492,7.130612606,39.71529699,0.122715209,0.678695728,,,,,
2.25504,7.130612606,39.71529699,0.122715209,0.678695728,,,,,
2.25516,7.130612606,39.71529699,0.122715209,0.678695728,,,,,
2.25528,7.13581172,39.71528869,0.12270711,0.678655751,,,,,
2.2554,7.13581172,39.71528869,0.12270711,0.678655751,,,,,
2.25552,7.13581172,39.71528869,0.12270711,0.678655751,,,,,
2.25564,7.13581172,39.71528869,0.12270711,0.678655751,,,,,
2.25576,7.13581172,39.71528869,0.12270711,0.678655751,,,,,
2.25588,7.13581172,39.71528869,0.12270711,0.678655751,,,,,
2.256,7.13581172,39.71528869,0.12270711,0.678655751,,,,,
2.25612,7.13581172,39.71528869,0.12270711,0.678655751,,,,,
2.25624,7.13581172,39.71528869,0.12270711,0.678655751,,,,,
2.25636,7.130728265,39.71522325,0.122757167,0.678937499,,,,,
2.25648,7.130728265,39.71522325,0.122757167,0.678937499,,,,,
2.2566,7.130728265,39.71522325,0.122757167,0.678937499,,,,,
2.25672,7.130728265,39.71522325,0.122757167,0.678937499,,,,,
2.25684,7.130728265,39.71522325,0.122757167,0.678937499,,,,,
2.25696,7.130728265,39.71522325,0.122757167,0.678937499,,,,,
2.25708,7.130728265,39.71522325,0.122757167,0.678937499,,,,,
2.2572,7.130728265,39.71522325,0.122757167,0.678937499,,,,,
2.25732,7.133084575,39.71496783,0.123013487,0.680356105,,,,,
2.25744,7.133084575,39.71496783,0.123013487,0.680356105,,,,,
2.25756,7.133084575,39.71496783,0.123013487,0.680356105,,,,,
2.25768,7.133084575,39.71496783,0.123013487,0.680356105,,,,,
2.2578,7.133084575,39.71496783,0.123013487,0.680356105,,,,,
2.25792,7.133084575,39.71496783,0.123013487,0.680356105,,,,,
2.25804,7.133084575,39.71496783,0.123013487,0.680356105,,,,,
2.25816,7.133084575,39.71496783,0.123013487,0.680356105,,,,,
2.25828,7.133084575,39.71496783,0.123013487,0.680356105,,,,,
2.2584,7.134284034,39.71491608,0.123052723,0.680577209,,,,,
2.25852,7.134284034,39.71491608,0.123052723,0.680577209,,,,,
2.25864,7.134284034,39.71491608,0.123052723,0.680577209,,,,,
2.25876,7.134284034,39.71491608,0.123052723,0.680577209,,,,,
2.25888,7.134284034,39.71491608,0.123052723,0.680577209,,,,,
2.259,7.134284034,39.71491608,0.123052723,0.680577209,,,,,
2.25912,7.134284034,39.71491608,0.123052723,0.680577209,,,,,
2.25924,7.134284034,39.71491608,0.123052723,0.680577209,,,,,
2.25936,7.134284034,39.71491608,0.123052723,0.680577209,,,,,
2.25948,7.134214782,39.71484433,0.123130064,0.681003538,,,,,
2.2596,7.134214782,39.71484433,0.123130064,0.681003538,,,,,
2.25972,7.134214782,39.71484433,0.123130064,0.681003538,,,,,
2.25984,7.134214782,39.71484433,0.123130064,0.681003538,,,,,
2.25996,7.134214782,39.71484433,0.123130064,0.681003538,,,,,
2.26008,7.134214782,39.71484433,0.123130064,0.681003538,,,,,
2.2602,7.134214782,39.71484433,0.123130064,0.681003538,,,,,
2.26032,7.134214782,39.71484433,0.123130064,0.681003538,,,,,
2.26044,7.134243414,39.71482559,0.123152716,0.681127757,,,,,
2.26056,7.134243414,39.71482559,0.123152716,0.681127757,,,,,
2.26068,7.134243414,39.71482559,0.123152716,0.681127757,,,,,
2.2608,7.134243414,39.71482559,0.123152716,0.681127757,,,,,
2.26092,7.134243414,39.71482559,0.123152716,0.681127757,,,,,
2.26104,7.134243414,39.71482559,0.123152716,0.681127757,,,,,
2.26116,7.134243414,39.71482559,0.123152716,0.681127757,,,,,
2.26128,7.134243414,39.71482559,0.123152716,0.681127757,,,,,
2.2614,7.134243414,39.71482559,0.123152716,0.681127757,,,,,
2.26152,7.134624292,39.71477979,0.123192028,0.681347753,,,,,
2.26164,7.134624292,39.71477979,0.123192028,0.681347753,,,,,
2.26176,7.134624292,39.71477979,0.123192028,0.681347753,,,,,
2.26188,7.134624292,39.71477979,0.123192028,0.681347753,,,,,
2.262,7.134624292,39.71477979,0.123192028,0.681347753,,,,,
2.26212,7.134624292,39.71477979,0.123192028,0.681347753,,,,,
2.26224,7.134624292,39.71477979,0.123192028,0.681347753,,,,,
2.26236,7.134624292,39.71477979,0.123192028,0.681347753,,,,,
2.26248,7.134624292,39.71477979,0.123192028,0.681347753,,,,,
2.2626,7.134937028,39.71477486,0.123194632,0.681363257,,,,,
2.26272,7.134937028,39.71477486,0.123194632,0.681363257,,,,,
2.26284,7.134937028,39.71477486,0.123194632,0.681363257,,,,,
2.26296,7.134937028,39.71477486,0.123194632,0.681363257,,,,,
2.26308,7.134937028,39.71477486,0.123194632,0.681363257,,,,,
2.2632,7.134937028,39.71477486,0.123194632,0.681363257,,,,,
2.26332,7.134937028,39.71477486,0.123194632,0.681363257,,,,,
2.26344,7.134937028,39.71477486,0.123194632,0.681363257,,,,,
2.26356,7.134622077,39.71473209,0.12323129,0.68156861,,,,,
2.26368,7.134622077,39.71473209,0.12323129,0.68156861,,,,,
2.2638,7.134622077,39.71473209,0.12323129,0.68156861,,,,,
2.26392,7.134622077,39.71473209,0.12323129,0.68156861,,,,,
2.26404,7.134622077,39.71473209,0.12323129,0.68156861,,,,,
2.26416,7.134622077,39.71473209,0.12323129,0.68156861,,,,,
2.26428,7.134622077,39.71473209,0.12323129,0.68156861,,,,,
2.2644,7.134622077,39.71473209,0.12323129,0.68156861,,,,,
2.26452,7.134622077,39.71473209,0.12323129,0.68156861,,,,,
2.26464,7.135257617,39.71468913,0.123268232,0.681775523,,,,,
2.26476,7.135257617,39.71468913,0.123268232,0.681775523,,,,,
2.26488,7.135257617,39.71468913,0.123268232,0.681775523,,,,,
2.265,7.135257617,39.71468913,0.123268232,0.681775523,,,,,
2.26512,7.135257617,39.71468913,0.123268232,0.681775523,,,,,
2.26524,7.135257617,39.71468913,0.123268232,0.681775523,,,,,
2.26536,7.135257617,39.71468913,0.123268232,0.681775523,,,,,
2.26548,7.135257617,39.71468913,0.123268232,0.681775523,,,,,
2.2656,7.135257617,39.71468913,0.123268232,0.681775523,,,,,
2.26572,7.135316841,39.71465053,0.123300119,0.681954628,,,,,
2.26584,7.135316841,39.71465053,0.123300119,0.681954628,,,,,
2.26596,7.135316841,39.71465053,0.123300119,0.681954628,,,,,
2.26608,7.135316841,39.71465053,0.123300119,0.681954628,,,,,
2.2662,7.135316841,39.71465053,0.123300119,0.681954628,,,,,
2.26632,7.135316841,39.71465053,0.123300119,0.681954628,,,,,
2.26644,7.135316841,39.71465053,0.123300119,0.681954628,,,,,
2.26656,7.135316841,39.71465053,0.123300119,0.681954628,,,,,
2.26668,7.135848137,39.71459998,0.12334283,0.682193941,,,,,
2.2668,7.135848137,39.71459998,0.12334283,0.682193941,,,,,
2.26692,7.135848137,39.71459998,0.12334283,0.682193941,,,,,
2.26704,7.135848137,39.71459998,0.12334283,0.682193941,,,,,
2.26716,7.135848137,39.71459998,0.12334283,0.682193941,,,,,
2.26728,7.135848137,39.71459998,0.12334283,0.682193941,,,,,
2.2674,7.135848137,39.71459998,0.12334283,0.682193941,,,,,
2.26752,7.135848137,39.71459998,0.12334283,0.682193941,,,,,
2.26764,7.135848137,39.71459998,0.12334283,0.682193941,,,,,
2.26776,7.138320949,39.71458872,0.123315636,0.682056402,,,,,
2.26788,7.138320949,39.71458872,0.123315636,0.682056402,,,,,
2.268,7.138320949,39.71458872,0.123315636,0.682056402,,,,,
2.26812,7.138320949,39.71458872,0.123315636,0.682056402,,,,,
2.26824,7.138320949,39.71458872,0.123315636,0.682056402,,,,,
2.26836,7.138320949,39.71458872,0.123315636,0.682056402,,,,,
2.26848,7.138320949,39.71458872,0.123315636,0.682056402,,,,,
2.2686,7.138320949,39.71458872,0.123315636,0.682056402,,,,,
2.26872,7.138320949,39.71458872,0.123315636,0.682056402,,,,,
2.26884,7.138362375,39.71432825,0.123481838,0.683009799,,,,,
2.26896,7.138362375,39.71432825,0.123481838,0.683009799,,,,,
2.26908,7.138362375,39.71432825,0.123481838,0.683009799,,,,,
2.2692,7.138362375,39.71432825,0.123481838,0.683009799,,,,,
2.26932,7.138362375,39.71432825,0.123481838,0.683009799,,,,,
2.26944,7.138362375,39.71432825,0.123481838,0.683009799,,,,,
2.26956,7.138362375,39.71432825,0.123481838,0.683009799,,,,,
2.26968,7.138362375,39.71432825,0.123481838,0.683009799,,,,,
2.2698,7.144928775,39.7142208,0.12358528,0.683583818,,,,,
2.26992,7.144928775,39.7142208,0.12358528,0.683583818,,,,,
2.27004,7.144928775,39.7142208,0.12358528,0.683583818,,,,,
2.27016,7.144928775,39.7142208,0.12358528,0.683583818,,,,,
2.27028,7.144928775,39.7142208,0.12358528,0.683583818,,,,,
2.2704,7.144928775,39.7142208,0.12358528,0.683583818,,,,,
2.27052,7.144928775,39.7142208,0.12358528,0.683583818,,,,,
2.27064,7.144928775,39.7142208,0.12358528,0.683583818,,,,,
2.27076,7.144928775,39.7142208,0.12358528,0.683583818,,,,,
2.27088,7.139381575,39.71426653,0.1235496,0.683382332,,,,,
2.271,7.139381575,39.71426653,0.1235496,0.683382332,,,,,
2.27112,7.139381575,39.71426653,0.1235496,0.683382332,,,,,
2.27124,7.139381575,39.71426653,0.1235496,0.683382332,,,,,
2.27136,7.139381575,39.71426653,0.1235496,0.683382332,,,,,
2.27148,7.139381575,39.71426653,0.1235496,0.683382332,,,,,
2.2716,7.139381575,39.71426653,0.1235496,0.683382332,,,,,
2.27172,7.139381575,39.71426653,0.1235496,0.683382332,,,,,
2.27184,7.139381575,39.71426653,0.1235496,0.683382332,,,,,
2.27196,7.140772922,39.71398965,0.12382364,0.684900336,,,,,
2.27208,7.140772922,39.71398965,0.12382364,0.684900336,,,,,
2.2722,7.140772922,39.71398965,0.12382364,0.684900336,,,,,
2.27232,7.140772922,39.71398965,0.12382364,0.684900336,,,,,
2.27244,7.140772922,39.71398965,0.12382364,0.684900336,,,,,
2.27256,7.140772922,39.71398965,0.12382364,0.684900336,,,,,
2.27268,7.140772922,39.71398965,0.12382364,0.684900336,,,,,
2.2728,7.140772922,39.71398965,0.12382364,0.684900336,,,,,
2.27292,7.143421442,39.71402332,0.123791903,0.684723593,,,,,
2.27304,7.143421442,39.71402332,0.123791903,0.684723593,,,,,
2.27316,7.143421442,39.71402332,0.123791903,0.684723593,,,,,
2.27328,7.143421442,39.71402332,0.123791903,0.684723593,,,,,
2.2734,7.143421442,39.71402332,0.123791903,0.684723593,,,,,
2.27352,7.143421442,39.71402332,0.123791903,0.684723593,,,,,
2.27364,7.143421442,39.71402332,0.123791903,0.684723593,,,,,
2.27376,7.143421442,39.71402332,0.123791903,0.684723593,,,,,
2.27388,7.143421442,39.71402332,0.123791903,0.684723593,,,,,
2.274,7.142280275,39.71403789,0.123777019,0.684641016,,,,,
2.27412,7.142280275,39.71403789,0.123777019,0.684641016,,,,,
2.27424,7.142280275,39.71403789,0.123777019,0.684641016,,,,,
2.27436,7.142280275,39.71403789,0.123777019,0.684641016,,,,,
2.27448,7.142280275,39.71403789,0.123777019,0.684641016,,,,,
2.2746,7.142280275,39.71403789,0.123777019,0.684641016,,,,,
2.27472,7.142280275,39.71403789,0.123777019,0.684641016,,,,,
2.27484,7.142280275,39.71403789,0.123777019,0.684641016,,,,,
2.27496,7.142280275,39.71403789,0.123777019,0.684641016,,,,,
2.27508,7.142654164,39.71403677,0.123772825,0.684619541,,,,,
2.2752,7.142654164,39.71403677,0.123772825,0.684619541,,,,,
2.27532,7.142654164,39.71403677,0.123772825,0.684619541,,,,,
2.27544,7.142654164,39.71403677,0.123772825,0.684619541,,,,,
2.27556,7.142654164,39.71403677,0.123772825,0.684619541,,,,,
2.27568,7.142654164,39.71403677,0.123772825,0.684619541,,,,,
2.2758,7.142654164,39.71403677,0.123772825,0.684619541,,,,,
2.27592,7.142654164,39.71403677,0.123772825,0.684619541,,,,,
2.27604,7.142654164,39.71403677,0.123772825,0.684619541,,,,,
2.27616,7.142321703,39.71399811,0.123806293,0.684806655,,,,,
2.27628,7.142321703,39.71399811,0.123806293,0.684806655,,,,,
2.2764,7.142321703,39.71399811,0.123806293,0.684806655,,,,,
2.27652,7.142321703,39.71399811,0.123806293,0.684806655,,,,,
2.27664,7.142321703,39.71399811,0.123806293,0.684806655,,,,,
2.27676,7.142321703,39.71399811,0.123806293,0.684806655,,,,,
2.27688,7.142321703,39.71399811,0.123806293,0.684806655,,,,,
2.277,7.142321703,39.71399811,0.123806293,0.684806655,,,,,
2.27712,7.142138816,39.71394457,0.123857748,0.685092356,,,,,
2.27724,7.142138816,39.71394457,0.123857748,0.685092356,,,,,
2.27736,7.142138816,39.71394457,0.123857748,0.685092356,,,,,
2.27748,7.142138816,39.71394457,0.123857748,0.685092356,,,,,
2.2776,7.142138816,39.71394457,0.123857748,0.685092356,,,,,
2.27772,7.142138816,39.71394457,0.123857748,0.685092356,,,,,
2.27784,7.142138816,39.71394457,0.123857748,0.685092356,,,,,
2.27796,7.142138816,39.71394457,0.123857748,0.685092356,,,,,
2.27808,7.142138816,39.71394457,0.123857748,0.685092356,,,,,
2.2782,7.142074844,39.71384315,0.123953732,0.685625964,,,,,
2.27832,7.142074844,39.71384315,0.123953732,0.685625964,,,,,
2.27844,7.142074844,39.71384315,0.123953732,0.685625964,,,,,
2.27856,7.142074844,39.71384315,0.123953732,0.685625964,,,,,
2.27868,7.142074844,39.71384315,0.123953732,0.685625964,,,,,
2.2788,7.142074844,39.71384315,0.123953732,0.685625964,,,,,
2.27892,7.142074844,39.71384315,0.123953732,0.685625964,,,,,
2.27904,7.142074844,39.71384315,0.123953732,0.685625964,,,,,
2.27916,7.142074844,39.71384315,0.123953732,0.685625964,,,,,
2.27928,7.142965961,39.71379372,0.124006987,0.685919681,,,,,
2.2794,7.142965961,39.71379372,0.124006987,0.685919681,,,,,
2.27952,7.142965961,39.71379372,0.124006987,0.685919681,,,,,
2.27964,7.142965961,39.71379372,0.124006987,0.685919681,,,,,
2.27976,7.142965961,39.71379372,0.124006987,0.685919681,,,,,
2.27988,7.142965961,39.71379372,0.124006987,0.685919681,,,,,
2.28,7.142965961,39.71379372,0.124006987,0.685919681,,,,,
2.28012,7.142965961,39.71379372,0.124006987,0.685919681,,,,,
2.28024,7.142524826,39.71378,0.124025313,0.686019791,,,,,
2.28036,7.142524826,39.71378,0.124025313,0.686019791,,,,,
2.28048,7.142524826,39.71378,0.124025313,0.686019791,,,,,
2.2806,7.142524826,39.71378,0.124025313,0.686019791,,,,,
2.28072,7.142524826,39.71378,0.124025313,0.686019791,,,,,
2.28084,7.142524826,39.71378,0.124025313,0.686019791,,,,,
2.28096,7.142524826,39.71378,0.124025313,0.686019791,,,,,
2.28108,7.142524826,39.71378,0.124025313,0.686019791,,,,,
2.2812,7.142524826,39.71378,0.124025313,0.686019791,,,,,
2.28132,7.14281299,39.71376211,0.124046082,0.686134063,,,,,
2.28144,7.14281299,39.71376211,0.124046082,0.686134063,,,,,
2.28156,7.14281299,39.71376211,0.124046082,0.686134063,,,,,
2.28168,7.14281299,39.71376211,0.124046082,0.686134063,,,,,
2.2818,7.14281299,39.71376211,0.124046082,0.686134063,,,,,
2.28192,7.14281299,39.71376211,0.124046082,0.686134063,,,,,
2.28204,7.14281299,39.71376211,0.124046082,0.686134063,,,,,
2.28216,7.14281299,39.71376211,0.124046082,0.686134063,,,,,
2.28228,7.14281299,39.71376211,0.124046082,0.686134063,,,,,
2.2824,7.143106196,39.71378182,0.124025843,0.686022478,,,,,
2.28252,7.143106196,39.71378182,0.124025843,0.686022478,,,,,
2.28264,7.143106196,39.71378182,0.124025843,0.686022478,,,,,
2.28276,7.143106196,39.71378182,0.124025843,0.686022478,,,,,
2.28288,7.143106196,39.71378182,0.124025843,0.686022478,,,,,
2.283,7.143106196,39.71378182,0.124025843,0.686022478,,,,,
2.28312,7.143106196,39.71378182,0.124025843,0.686022478,,,,,
2.28324,7.143106196,39.71378182,0.124025843,0.686022478,,,,,
2.28336,7.143025812,39.71378823,0.124015637,0.685967552,,,,,
2.28348,7.143025812,39.71378823,0.124015637,0.685967552,,,,,
2.2836,7.143025812,39.71378823,0.124015637,0.685967552,,,,,
2.28372,7.143025812,39.71378823,0.124015637,0.685967552,,,,,
2.28384,7.143025812,39.71378823,0.124015637,0.685967552,,,,,
2.28396,7.143025812,39.71378823,0.124015637,0.685967552,,,,,
2.28408,7.143025812,39.71378823,0.124015637,0.685967552,,,,,
2.2842,7.143025812,39.71378823,0.124015637,0.685967552,,,,,
2.28432,7.143025812,39.71378823,0.124015637,0.685967552,,,,,
2.28444,7.144772268,39.71380779,0.123975837,0.685754736,,,,,
2.28456,7.144772268,39.71380779,0.123975837,0.685754736,,,,,
2.28468,7.144772268,39.71380779,0.123975837,0.685754736,,,,,
2.2848,7.144772268,39.71380779,0.123975837,0.685754736,,,,,
2.28492,7.144772268,39.71380779,0.123975837,0.685754736,,,,,
2.28504,7.144772268,39.71380779,0.123975837,0.685754736,,,,,
2.28516,7.144772268,39.71380779,0.123975837,0.685754736,,,,,
2.28528,7.144772268,39.71380779,0.123975837,0.685754736,,,,,
2.2854,7.144772268,39.71380779,0.123975837,0.685754736,,,,,
2.28552,7.144543763,39.71364425,0.124069646,0.686300779,,,,,
2.28564,7.144543763,39.71364425,0.124069646,0.686300779,,,,,
2.28576,7.144543763,39.71364425,0.124069646,0.686300779,,,,,
2.28588,7.144543763,39.71364425,0.124069646,0.686300779,,,,,
2.286,7.144543763,39.71364425,0.124069646,0.686300779,,,,,
2.28612,7.144543763,39.71364425,0.124069646,0.686300779,,,,,
2.28624,7.144543763,39.71364425,0.124069646,0.686300779,,,,,
2.28636,7.144543763,39.71364425,0.124069646,0.686300779,,,,,
2.28648,7.151364312,39.71359093,0.124117478,0.686567623,,,,,
2.2866,7.151364312,39.71359093,0.124117478,0.686567623,,,,,
2.28672,7.151364312,39.71359093,0.124117478,0.686567623,,,,,
2.28684,7.151364312,39.71359093,0.124117478,0.686567623,,,,,
2.28696,7.151364312,39.71359093,0.124117478,0.686567623,,,,,
2.28708,7.151364312,39.71359093,0.124117478,0.686567623,,,,,
2.2872,7.151364312,39.71359093,0.124117478,0.686567623,,,,,
2.28732,7.151364312,39.71359093,0.124117478,0.686567623,,,,,
2.28744,7.151364312,39.71359093,0.124117478,0.686567623,,,,,
2.28756,7.14622022,39.71380783,0.123914895,0.685440118,,,,,
2.28768,7.14622022,39.71380783,0.123914895,0.685440118,,,,,
2.2878,7.14622022,39.71380783,0.123914895,0.685440118,,,,,
2.28792,7.14622022,39.71380783,0.123914895,0.685440118,,,,,
2.28804,7.14622022,39.71380783,0.123914895,0.685440118,,,,,
2.28816,7.14622022,39.71380783,0.123914895,0.685440118,,,,,
2.28828,7.14622022,39.71380783,0.123914895,0.685440118,,,,,
2.2884,7.14622022,39.71380783,0.123914895,0.685440118,,,,,
2.28852,7.14622022,39.71380783,0.123914895,0.685440118,,,,,
2.28864,7.144349921,39.71351075,0.124203412,0.687040588,,,,,
2.28876,7.144349921,39.71351075,0.124203412,0.687040588,,,,,
2.28888,7.144349921,39.71351075,0.124203412,0.687040588,,,,,
2.289,7.144349921,39.71351075,0.124203412,0.687040588,,,,,
2.28912,7.144349921,39.71351075,0.124203412,0.687040588,,,,,
2.28924,7.144349921,39.71351075,0.124203412,0.687040588,,,,,
2.28936,7.144349921,39.71351075,0.124203412,0.687040588,,,,,
2.28948,7.144349921,39.71351075,0.124203412,0.687040588,,,,,
2.2896,7.149079951,39.7134758,0.124235878,0.687221043,,,,,
2.28972,7.149079951,39.7134758,0.124235878,0.687221043,,,,,
2.28984,7.149079951,39.7134758,0.124235878,0.687221043,,,,,
2.28996,7.149079951,39.7134758,0.124235878,0.687221043,,,,,
2.29008,7.149079951,39.7134758,0.124235878,0.687221043,,,,,
2.2902,7.149079951,39.7134758,0.124235878,0.687221043,,,,,
2.29032,7.149079951,39.7134758,0.124235878,0.687221043,,,,,
2.29044,7.149079951,39.7134758,0.124235878,0.687221043,,,,,
2.29056,7.149079951,39.7134758,0.124235878,0.687221043,,,,,
2.29068,7.146983483,39.71347362,0.124234299,0.687213557,,,,,
2.2908,7.146983483,39.71347362,0.124234299,0.687213557,,,,,
2.29092,7.146983483,39.71347362,0.124234299,0.687213557,,,,,
2.29104,7.146983483,39.71347362,0.124234299,0.687213557,,,,,
2.29116,7.146983483,39.71347362,0.124234299,0.687213557,,,,,
2.29128,7.146983483,39.71347362,0.124234299,0.687213557,,,,,
2.2914,7.146983483,39.71347362,0.124234299,0.687213557,,,,,
2.29152,7.146983483,39.71347362,0.124234299,0.687213557,,,,,
2.29164,7.146983483,39.71347362,0.124234299,0.687213557,,,,,
2.29176,7.147306253,39.71340171,0.124309784,0.687629908,,,,,
2.29188,7.147306253,39.71340171,0.124309784,0.687629908,,,,,
2.292,7.147306253,39.71340171,0.124309784,0.687629908,,,,,
2.29212,7.147306253,39.71340171,0.124309784,0.687629908,,,,,
2.29224,7.147306253,39.71340171,0.124309784,0.687629908,,,,,
2.29236,7.147306253,39.71340171,0.124309784,0.687629908,,,,,
2.29248,7.147306253,39.71340171,0.124309784,0.687629908,,,,,
2.2926,7.147306253,39.71340171,0.124309784,0.687629908,,,,,
2.29272,7.14762261,39.71337565,0.124338886,0.687789777,,,,,
2.29284,7.14762261,39.71337565,0.124338886,0.687789777,,,,,
2.29296,7.14762261,39.71337565,0.124338886,0.687789777,,,,,
2.29308,7.14762261,39.71337565,0.124338886,0.687789777,,,,,
2.2932,7.14762261,39.71337565,0.124338886,0.687789777,,,,,
2.29332,7.14762261,39.71337565,0.124338886,0.687789777,,,,,
2.29344,7.14762261,39.71337565,0.124338886,0.687789777,,,,,
2.29356,7.14762261,39.71337565,0.124338886,0.687789777,,,,,
2.29368,7.14762261,39.71337565,0.124338886,0.687789777,,,,,
2.2938,7.147871282,39.71339717,0.124321813,0.687693569,,,,,
2.29392,7.147871282,39.71339717,0.124321813,0.687693569,,,,,
2.29404,7.147871282,39.71339717,0.124321813,0.687693569,,,,,
2.29416,7.147871282,39.71339717,0.124321813,0.687693569,,,,,
2.29428,7.147871282,39.71339717,0.124321813,0.687693569,,,,,
2.2944,7.147871282,39.71339717,0.124321813,0.687693569,,,,,
2.29452,7.147871282,39.71339717,0.124321813,0.687693569,,,,,
2.29464,7.147871282,39.71339717,0.124321813,0.687693569,,,,,
2.29476,7.147871282,39.71339717,0.124321813,0.687693569,,,,,
2.29488,7.147663365,39.71340224,0.124313122,0.687647029,,,,,
2.295,7.147663365,39.71340224,0.124313122,0.687647029,,,,,
2.29512,7.147663365,39.71340224,0.124313122,0.687647029,,,,,
2.29524,7.147663365,39.71340224,0.124313122,0.687647029,,,,,
2.29536,7.147663365,39.71340224,0.124313122,0.687647029,,,,,
2.29548,7.147663365,39.71340224,0.124313122,0.687647029,,,,,
2.2956,7.147663365,39.71340224,0.124313122,0.687647029,,,,,
2.29572,7.147663365,39.71340224,0.124313122,0.687647029,,,,,
2.29584,7.148428135,39.71342113,0.124291351,0.687527863,,,,,
2.29596,7.148428135,39.71342113,0.124291351,0.687527863,,,,,
2.29608,7.148428135,39.71342113,0.124291351,0.687527863,,,,,
2.2962,7.148428135,39.71342113,0.124291351,0.687527863,,,,,
2.29632,7.148428135,39.71342113,0.124291351,0.687527863,,,,,
2.29644,7.148428135,39.71342113,0.124291351,0.687527863,,,,,
2.29656,7.148428135,39.71342113,0.124291351,0.687527863,,,,,
2.29668,7.148428135,39.71342113,0.124291351,0.687527863,,,,,
2.2968,7.148428135,39.71342113,0.124291351,0.687527863,,,,,
2.29692,7.147705349,39.7134306,0.124276262,0.687446825,,,,,
2.29704,7.147705349,39.7134306,0.124276262,0.687446825,,,,,
2.29716,7.147705349,39.7134306,0.124276262,0.687446825,,,,,
2.29728,7.147705349,39.7134306,0.124276262,0.687446825,,,,,
2.2974,7.147705349,39.7134306,0.124276262,0.687446825,,,,,
2.29752,7.147705349,39.7134306,0.124276262,0.687446825,,,,,
2.29764,7.147705349,39.7134306,0.124276262,0.687446825,,,,,
2.29776,7.147705349,39.7134306,0.124276262,0.687446825,,,,,
2.29788,7.147705349,39.7134306,0.124276262,0.687446825,,,,,
2.298,7.14741035,39.71335289,0.12434754,0.687844298,,,,,
2.29812,7.14741035,39.71335289,0.12434754,0.687844298,,,,,
2.29824,7.14741035,39.71335289,0.12434754,0.687844298,,,,,
2.29836,7.14741035,39.71335289,0.12434754,0.687844298,,,,,
2.29848,7.14741035,39.71335289,0.12434754,0.687844298,,,,,
2.2986,7.14741035,39.71335289,0.12434754,0.687844298,,,,,
2.29872,7.14741035,39.71335289,0.12434754,0.687844298,,,,,
2.29884,7.14741035,39.71335289,0.12434754,0.687844298,,,,,
2.29896,7.147876558,39.71327474,0.12442171,0.68825677,,,,,
2.29908,7.147876558,39.71327474,0.12442171,0.68825677,,,,,
2.2992,7.147876558,39.71327474,0.12442171,0.68825677,,,,,
2.29932,7.147876558,39.71327474,0.12442171,0.68825677,,,,,
2.29944,7.147876558,39.71327474,0.12442171,0.68825677,,,,,
2.29956,7.147876558,39.71327474,0.12442171,0.68825677,,,,,
2.29968,7.147876558,39.71327474,0.12442171,0.68825677,,,,,
2.2998,7.147876558,39.71327474,0.12442171,0.68825677,,,,,
2.29992,7.147876558,39.71327474,0.12442171,0.68825677,,,,,
2.30004,7.148130885,39.71320846,0.124486104,0.68861422,,,,,
2.30016,7.148130885,39.71320846,0.124486104,0.68861422,,,,,
2.30028,7.148130885,39.71320846,0.124486104,0.68861422,,,,,
2.3004,7.148130885,39.71320846,0.124486104,0.68861422,,,,,
2.30052,7.148130885,39.71320846,0.124486104,0.68861422,,,,,
2.30064,7.148130885,39.71320846,0.124486104,0.68861422,,,,,
2.30076,7.148130885,39.71320846,0.124486104,0.68861422,,,,,
2.30088,7.148130885,39.71320846,0.124486104,0.68861422,,,,,
2.301,7.148130885,39.71320846,0.124486104,0.68861422,,,,,
2.30112,7.149793311,39.71319146,0.124494919,0.688666387,,,,,
2.30124,7.149793311,39.71319146,0.124494919,0.688666387,,,,,
2.30136,7.149793311,39.71319146,0.124494919,0.688666387,,,,,
2.30148,7.149793311,39.71319146,0.124494919,0.688666387,,,,,
2.3016,7.149793311,39.71319146,0.124494919,0.688666387,,,,,
2.30172,7.149793311,39.71319146,0.124494919,0.688666387,,,,,
2.30184,7.149793311,39.71319146,0.124494919,0.688666387,,,,,
2.30196,7.149793311,39.71319146,0.124494919,0.688666387,,,,,
2.30208,7.149793311,39.71319146,0.124494919,0.688666387,,,,,
2.3022,7.14962298,39.7130764,0.124560954,0.689052285,,,,,
2.30232,7.14962298,39.7130764,0.124560954,0.689052285,,,,,
2.30244,7.14962298,39.7130764,0.124560954,0.689052285,,,,,
2.30256,7.14962298,39.7130764,0.124560954,0.689052285,,,,,
2.30268,7.14962298,39.7130764,0.124560954,0.689052285,,,,,
2.3028,7.14962298,39.7130764,0.124560954,0.689052285,,,,,
2.30292,7.14962298,39.7130764,0.124560954,0.689052285,,,,,
2.30304,7.14962298,39.7130764,0.124560954,0.689052285,,,,,
2.30316,7.155828103,39.71301865,0.12460881,0.689321339,,,,,
2.30328,7.155828103,39.71301865,0.12460881,0.689321339,,,,,
2.3034,7.155828103,39.71301865,0.12460881,0.689321339,,,,,
2.30352,7.155828103,39.71301865,0.12460881,0.689321339,,,,,
2.30364,7.155828103,39.71301865,0.12460881,0.689321339,,,,,
2.30376,7.155828103,39.71301865,0.12460881,0.689321339,,,,,
2.30388,7.155828103,39.71301865,0.12460881,0.689321339,,,,,
2.304,7.155828103,39.71301865,0.12460881,0.689321339,,,,,
2.30412,7.155828103,39.71301865,0.12460881,0.689321339,,,,,
2.30424,7.152523173,39.71329634,0.124344083,0.687849948,,,,,
2.30436,7.152523173,39.71329634,0.124344083,0.687849948,,,,,
2.30448,7.152523173,39.71329634,0.124344083,0.687849948,,,,,
2.3046,7.152523173,39.71329634,0.124344083,0.687849948,,,,,
2.30472,7.152523173,39.71329634,0.124344083,0.687849948,,,,,
2.30484,7.152523173,39.71329634,0.124344083,0.687849948,,,,,
2.30496,7.152523173,39.71329634,0.124344083,0.687849948,,,,,
2.30508,7.152523173,39.71329634,0.124344083,0.687849948,,,,,
2.3052,7.152523173,39.71329634,0.124344083,0.687849948,,,,,
2.30532,7.148811755,39.71305622,0.124574479,0.689129415,,,,,
2.30544,7.148811755,39.71305622,0.124574479,0.689129415,,,,,
2.30556,7.148811755,39.71305622,0.124574479,0.689129415,,,,,
2.30568,7.148811755,39.71305622,0.124574479,0.689129415,,,,,
2.3058,7.148811755,39.71305622,0.124574479,0.689129415,,,,,
2.30592,7.148811755,39.71305622,0.124574479,0.689129415,,,,,
2.30604,7.148811755,39.71305622,0.124574479,0.689129415,,,,,
2.30616,7.148811755,39.71305622,0.124574479,0.689129415,,,,,
2.30628,7.154177877,39.71299072,0.124635937,0.689471162,,,,,
2.3064,7.154177877,39.71299072,0.124635937,0.689471162,,,,,
2.30652,7.154177877,39.71299072,0.124635937,0.689471162,,,,,
2.30664,7.154177877,39.71299072,0.124635937,0.689471162,,,,,
2.30676,7.154177877,39.71299072,0.124635937,0.689471162,,,,,
2.30688,7.154177877,39.71299072,0.124635937,0.689471162,,,,,
2.307,7.154177877,39.71299072,0.124635937,0.689471162,,,,,
2.30712,7.154177877,39.71299072,0.124635937,0.689471162,,,,,
2.30724,7.154177877,39.71299072,0.124635937,0.689471162,,,,,
2.30736,7.152551285,39.71302462,0.124595241,0.689248572,,,,,
2.30748,7.152551285,39.71302462,0.124595241,0.689248572,,,,,
2.3076,7.152551285,39.71302462,0.124595241,0.689248572,,,,,
2.30772,7.152551285,39.71302462,0.124595241,0.689248572,,,,,
2.30784,7.152551285,39.71302462,0.124595241,0.689248572,,,,,
2.30796,7.152551285,39.71302462,0.124595241,0.689248572,,,,,
2.30808,7.152551285,39.71302462,0.124595241,0.689248572,,,,,
2.3082,7.152551285,39.71302462,0.124595241,0.689248572,,,,,
2.30832,7.152551285,39.71302462,0.124595241,0.689248572,,,,,
2.30844,7.152669573,39.71296474,0.124655989,0.689584387,,,,,
2.30856,7.152669573,39.71296474,0.124655989,0.689584387,,,,,
2.30868,7.152669573,39.71296474,0.124655989,0.689584387,,,,,
2.3088,7.152669573,39.71296474,0.124655989,0.689584387,,,,,
2.30892,7.152669573,39.71296474,0.124655989,0.689584387,,,,,
2.30904,7.152669573,39.71296474,0.124655989,0.689584387,,,,,
2.30916,7.152669573,39.71296474,0.124655989,0.689584387,,,,,
2.30928,7.152669573,39.71296474,0.124655989,0.689584387,,,,,
2.3094,7.153070374,39.71293968,0.124679896,0.689717202,,,,,
2.30952,7.153070374,39.71293968,0.124679896,0.689717202,,,,,
2.30964,7.153070374,39.71293968,0.124679896,0.689717202,,,,,
2.30976,7.153070374,39.71293968,0.124679896,0.689717202,,,,,
2.30988,7.153070374,39.71293968,0.124679896,0.689717202,,,,,
2.31,7.153070374,39.71293968,0.124679896,0.689717202,,,,,
2.31012,7.153070374,39.71293968,0.124679896,0.689717202,,,,,
2.31024,7.153070374,39.71293968,0.124679896,0.689717202,,,,,
2.31036,7.153070374,39.71293968,0.124679896,0.689717202,,,,,
2.31048,7.153323185,39.71294236,0.124677829,0.689705543,,,,,
2.3106,7.153323185,39.71294236,0.124677829,0.689705543,,,,,
2.31072,7.153323185,39.71294236,0.124677829,0.689705543,,,,,
2.31084,7.153323185,39.71294236,0.124677829,0.689705543,,,,,
2.31096,7.153323185,39.71294236,0.124677829,0.689705543,,,,,
2.31108,7.153323185,39.71294236,0.124677829,0.689705543,,,,,
2.3112,7.153323185,39.71294236,0.124677829,0.689705543,,,,,
2.31132,7.153323185,39.71294236,0.124677829,0.689705543,,,,,
2.31144,7.153323185,39.71294236,0.124677829,0.689705543,,,,,
2.31156,7.153019885,39.71292647,0.124690688,0.689778193,,,,,
2.31168,7.153019885,39.71292647,0.124690688,0.689778193,,,,,
2.3118,7.153019885,39.71292647,0.124690688,0.689778193,,,,,
2.31192,7.153019885,39.71292647,0.124690688,0.689778193,,,,,
2.31204,7.153019885,39.71292647,0.124690688,0.689778193,,,,,
2.31216,7.153019885,39.71292647,0.124690688,0.689778193,,,,,
2.31228,7.153019885,39.71292647,0.124690688,0.689778193,,,,,
2.3124,7.153019885,39.71292647,0.124690688,0.689778193,,,,,
2.31252,7.153845948,39.71292355,0.124693423,0.689793636,,,,,
2.31264,7.153845948,39.71292355,0.124693423,0.689793636,,,,,
2.31276,7.153845948,39.71292355,0.124693423,0.689793636,,,,,
2.31288,7.153845948,39.71292355,0.124693423,0.689793636,,,,,
2.313,7.153845948,39.71292355,0.124693423,0.689793636,,,,,
2.31312,7.153845948,39.71292355,0.124693423,0.689793636,,,,,
2.31324,7.153845948,39.71292355,0.124693423,0.689793636,,,,,
2.31336,7.153845948,39.71292355,0.124693423,0.689793636,,,,,
2.31348,7.153845948,39.71292355,0.124693423,0.689793636,,,,,
2.3136,7.153702253,39.71296386,0.124653851,0.689574473,,,,,
2.31372,7.153702253,39.71296386,0.124653851,0.689574473,,,,,
2.31384,7.153702253,39.71296386,0.124653851,0.689574473,,,,,
2.31396,7.153702253,39.71296386,0.124653851,0.689574473,,,,,
2.31408,7.153702253,39.71296386,0.124653851,0.689574473,,,,,
2.3142,7.153702253,39.71296386,0.124653851,0.689574473,,,,,
2.31432,7.153702253,39.71296386,0.124653851,0.689574473,,,,,
2.31444,7.153702253,39.71296386,0.124653851,0.689574473,,,,,
2.31456,7.153702253,39.71296386,0.124653851,0.689574473,,,,,
2.31468,7.153664297,39.71297938,0.124638243,0.689488342,,,,,
2.3148,7.153664297,39.71297938,0.124638243,0.689488342,,,,,
2.31492,7.153664297,39.71297938,0.124638243,0.689488342,,,,,
2.31504,7.153664297,39.71297938,0.124638243,0.689488342,,,,,
2.31516,7.153664297,39.71297938,0.124638243,0.689488342,,,,,
2.31528,7.153664297,39.71297938,0.124638243,0.689488342,,,,,
2.3154,7.153664297,39.71297938,0.124638243,0.689488342,,,,,
2.31552,7.153664297,39.71297938,0.124638243,0.689488342,,,,,
2.31564,7.15425887,39.71302376,0.124592352,0.689235141,,,,,
2.31576,7.15425887,39.71302376,0.124592352,0.689235141,,,,,
2.31588,7.15425887,39.71302376,0.124592352,0.689235141,,,,,
2.316,7.15425887,39.71302376,0.124592352,0.689235141,,,,,
2.31612,7.15425887,39.71302376,0.124592352,0.689235141,,,,,
2.31624,7.15425887,39.71302376,0.124592352,0.689235141,,,,,
2.31636,7.15425887,39.71302376,0.124592352,0.689235141,,,,,
2.31648,7.15425887,39.71302376,0.124592352,0.689235141,,,,,
2.3166,7.15425887,39.71302376,0.124592352,0.689235141,,,,,
2.31672,7.154280019,39.71307187,0.124539474,0.688944598,,,,,
2.31684,7.154280019,39.71307187,0.124539474,0.688944598,,,,,
2.31696,7.154280019,39.71307187,0.124539474,0.688944598,,,,,
2.31708,7.154280019,39.71307187,0.124539474,0.688944598,,,,,
2.3172,7.154280019,39.71307187,0.124539474,0.688944598,,,,,
2.31732,7.154280019,39.71307187,0.124539474,0.688944598,,,,,
2.31744,7.154280019,39.71307187,0.124539474,0.688944598,,,,,
2.31756,7.154280019,39.71307187,0.124539474,0.688944598,,,,,
2.31768,7.154280019,39.71307187,0.124539474,0.688944598,,,,,
2.3178,7.155079419,39.71310744,0.124494069,0.688697592,,,,,
2.31792,7.155079419,39.71310744,0.124494069,0.688697592,,,,,
2.31804,7.155079419,39.71310744,0.124494069,0.688697592,,,,,
2.31816,7.155079419,39.71310744,0.124494069,0.688697592,,,,,
2.31828,7.155079419,39.71310744,0.124494069,0.688697592,,,,,
2.3184,7.155079419,39.71310744,0.124494069,0.688697592,,,,,
2.31852,7.155079419,39.71310744,0.124494069,0.688697592,,,,,
2.31864,7.155079419,39.71310744,0.124494069,0.688697592,,,,,
2.31876,7.154603119,39.71302742,0.124535006,0.688941906,,,,,
2.31888,7.154603119,39.71302742,0.124535006,0.688941906,,,,,
2.319,7.154603119,39.71302742,0.124535006,0.688941906,,,,,
2.31912,7.154603119,39.71302742,0.124535006,0.688941906,,,,,
2.31924,7.154603119,39.71302742,0.124535006,0.688941906,,,,,
2.31936,7.154603119,39.71302742,0.124535006,0.688941906,,,,,
2.31948,7.154603119,39.71302742,0.124535006,0.688941906,,,,,
2.3196,7.154603119,39.71302742,0.124535006,0.688941906,,,,,
2.31972,7.154603119,39.71302742,0.124535006,0.688941906,,,,,
2.31984,7.15956178,39.71292146,0.124626813,0.689456673,,,,,
2.31996,7.15956178,39.71292146,0.124626813,0.689456673,,,,,
2.32008,7.15956178,39.71292146,0.124626813,0.689456673,,,,,
2.3202,7.15956178,39.71292146,0.124626813,0.689456673,,,,,
2.32032,7.15956178,39.71292146,0.124626813,0.689456673,,,,,
2.32044,7.15956178,39.71292146,0.124626813,0.689456673,,,,,
2.32056,7.15956178,39.71292146,0.124626813,0.689456673,,,,,
2.32068,7.15956178,39.71292146,0.124626813,0.689456673,,,,,
2.3208,7.15956178,39.71292146,0.124626813,0.689456673,,,,,
2.32092,7.158340588,39.71317757,0.124385156,0.688111834,,,,,
2.32104,7.158340588,39.71317757,0.124385156,0.688111834,,,,,
2.32116,7.158340588,39.71317757,0.124385156,0.688111834,,,,,
2.32128,7.158340588,39.71317757,0.124385156,0.688111834,,,,,
2.3214,7.158340588,39.71317757,0.124385156,0.688111834,,,,,
2.32152,7.158340588,39.71317757,0.124385156,0.688111834,,,,,
2.32164,7.158340588,39.71317757,0.124385156,0.688111834,,,,,
2.32176,7.158340588,39.71317757,0.124385156,0.688111834,,,,,
2.32188,7.153927802,39.71304159,0.124520155,0.688859476,,,,,
2.322,7.153927802,39.71304159,0.124520155,0.688859476,,,,,
2.32212,7.153927802,39.71304159,0.124520155,0.688859476,,,,,
2.32224,7.153927802,39.71304159,0.124520155,0.688859476,,,,,
2.32236,7.153927802,39.71304159,0.124520155,0.688859476,,,,,
2.32248,7.153927802,39.71304159,0.124520155,0.688859476,,,,,
2.3226,7.153927802,39.71304159,0.124520155,0.688859476,,,,,
2.32272,7.153927802,39.71304159,0.124520155,0.688859476,,,,,
2.32284,7.153927802,39.71304159,0.124520155,0.688859476,,,,,
2.32296,7.159048887,39.71303218,0.124532544,0.688926469,,,,,
2.32308,7.159048887,39.71303218,0.124532544,0.688926469,,,,,
2.3232,7.159048887,39.71303218,0.124532544,0.688926469,,,,,
2.32332,7.159048887,39.71303218,0.124532544,0.688926469,,,,,
2.32344,7.159048887,39.71303218,0.124532544,0.688926469,,,,,
2.32356,7.159048887,39.71303218,0.124532544,0.688926469,,,,,
2.32368,7.159048887,39.71303218,0.124532544,0.688926469,,,,,
2.3238,7.159048887,39.71303218,0.124532544,0.688926469,,,,,
2.32392,7.159048887,39.71303218,0.124532544,0.688926469,,,,,
2.32404,7.158017113,39.71319171,0.124369804,0.688026801,,,,,
2.32416,7.158017113,39.71319171,0.124369804,0.688026801,,,,,
2.32428,7.158017113,39.71319171,0.124369804,0.688026801,,,,,
2.3244,7.158017113,39.71319171,0.124369804,0.688026801,,,,,
2.32452,7.158017113,39.71319171,0.124369804,0.688026801,,,,,
2.32464,7.158017113,39.71319171,0.124369804,0.688026801,,,,,
2.32476,7.158017113,39.71319171,0.124369804,0.688026801,,,,,
2.32488,7.158017113,39.71319171,0.124369804,0.688026801,,,,,
2.325,7.157557369,39.71324732,0.124314724,0.687721496,,,,,
2.32512,7.157557369,39.71324732,0.124314724,0.687721496,,,,,
2.32524,7.157557369,39.71324732,0.124314724,0.687721496,,,,,
2.32536,7.157557369,39.71324732,0.124314724,0.687721496,,,,,
2.32548,7.157557369,39.71324732,0.124314724,0.687721496,,,,,
2.3256,7.157557369,39.71324732,0.124314724,0.687721496,,,,,
2.32572,7.157557369,39.71324732,0.124314724,0.687721496,,,,,
2.32584,7.157557369,39.71324732,0.124314724,0.687721496,,,,,
2.32596,7.157557369,39.71324732,0.124314724,0.687721496,,,,,
2.32608,7.157649032,39.71330007,0.124259354,0.687416127,,,,,
2.3262,7.157649032,39.71330007,0.124259354,0.687416127,,,,,
2.32632,7.157649032,39.71330007,0.124259354,0.687416127,,,,,
2.32644,7.157649032,39.71330007,0.124259354,0.687416127,,,,,
2.32656,7.157649032,39.71330007,0.124259354,0.687416127,,,,,
2.32668,7.157649032,39.71330007,0.124259354,0.687416127,,,,,
2.3268,7.157649032,39.71330007,0.124259354,0.687416127,,,,,
2.32692,7.157649032,39.71330007,0.124259354,0.687416127,,,,,
2.32704,7.157649032,39.71330007,0.124259354,0.687416127,,,,,
2.32716,7.157774409,39.71335039,0.124207587,0.68713025,,,,,
2.32728,7.157774409,39.71335039,0.124207587,0.68713025,,,,,
2.3274,7.157774409,39.71335039,0.124207587,0.68713025,,,,,
2.32752,7.157774409,39.71335039,0.124207587,0.68713025,,,,,
2.32764,7.157774409,39.71335039,0.124207587,0.68713025,,,,,
2.32776,7.157774409,39.71335039,0.124207587,0.68713025,,,,,
2.32788,7.157774409,39.71335039,0.124207587,0.68713025,,,,,
2.328,7.157774409,39.71335039,0.124207587,0.68713025,,,,,
2.32812,7.157774409,39.71335039,0.124207587,0.68713025,,,,,
2.32824,7.157398457,39.71337702,0.12417773,0.686966597,,,,,
2.32836,7.157398457,39.71337702,0.12417773,0.686966597,,,,,
2.32848,7.157398457,39.71337702,0.12417773,0.686966597,,,,,
2.3286,7.157398457,39.71337702,0.12417773,0.686966597,,,,,
2.32872,7.157398457,39.71337702,0.12417773,0.686966597,,,,,
2.32884,7.157398457,39.71337702,0.12417773,0.686966597,,,,,
2.32896,7.157398457,39.71337702,0.12417773,0.686966597,,,,,
2.32908,7.157398457,39.71337702,0.12417773,0.686966597,,,,,
2.3292,7.157988434,39.7133975,0.124156655,0.686850376,,,,,
2.32932,7.157988434,39.7133975,0.124156655,0.686850376,,,,,
2.32944,7.157988434,39.7133975,0.124156655,0.686850376,,,,,
2.32956,7.157988434,39.7133975,0.124156655,0.686850376,,,,,
2.32968,7.157988434,39.7133975,0.124156655,0.686850376,,,,,
2.3298,7.157988434,39.7133975,0.124156655,0.686850376,,,,,
2.32992,7.157988434,39.7133975,0.124156655,0.686850376,,,,,
2.33004,7.157988434,39.7133975,0.124156655,0.686850376,,,,,
2.33016,7.157988434,39.7133975,0.124156655,0.686850376,,,,,
2.33028,7.157952334,39.71346075,0.124094566,0.68650631,,,,,
2.3304,7.157952334,39.71346075,0.124094566,0.68650631,,,,,
2.33052,7.157952334,39.71346075,0.124094566,0.68650631,,,,,
2.33064,7.157952334,39.71346075,0.124094566,0.68650631,,,,,
2.33076,7.157952334,39.71346075,0.124094566,0.68650631,,,,,
2.33088,7.157952334,39.71346075,0.124094566,0.68650631,,,,,
2.331,7.157952334,39.71346075,0.124094566,0.68650631,,,,,
2.33112,7.157952334,39.71346075,0.124094566,0.68650631,,,,,
2.33124,7.157952334,39.71346075,0.124094566,0.68650631,,,,,
2.33136,7.157637338,39.71349602,0.124059406,0.686311821,,,,,
2.33148,7.157637338,39.71349602,0.124059406,0.686311821,,,,,
2.3316,7.157637338,39.71349602,0.124059406,0.686311821,,,,,
2.33172,7.157637338,39.71349602,0.124059406,0.686311821,,,,,
2.33184,7.157637338,39.71349602,0.124059406,0.686311821,,,,,
2.33196,7.157637338,39.71349602,0.124059406,0.686311821,,,,,
2.33208,7.157637338,39.71349602,0.124059406,0.686311821,,,,,
2.3322,7.157637338,39.71349602,0.124059406,0.686311821,,,,,
2.33232,7.158031303,39.71354167,0.12401354,0.68605818,,,,,
2.33244,7.158031303,39.71354167,0.12401354,0.68605818,,,,,
2.33256,7.158031303,39.71354167,0.12401354,0.68605818,,,,,
2.33268,7.158031303,39.71354167,0.12401354,0.68605818,,,,,
2.3328,7.158031303,39.71354167,0.12401354,0.68605818,,,,,
2.33292,7.158031303,39.71354167,0.12401354,0.68605818,,,,,
2.33304,7.158031303,39.71354167,0.12401354,0.68605818,,,,,
2.33316,7.158031303,39.71354167,0.12401354,0.68605818,,,,,
2.33328,7.158031303,39.71354167,0.12401354,0.68605818,,,,,
2.3334,7.158010287,39.71359551,0.123957907,0.685751149,,,,,
2.33352,7.158010287,39.71359551,0.123957907,0.685751149,,,,,
2.33364,7.158010287,39.71359551,0.123957907,0.685751149,,,,,
2.33376,7.158010287,39.71359551,0.123957907,0.685751149,,,,,
2.33388,7.158010287,39.71359551,0.123957907,0.685751149,,,,,
2.334,7.158010287,39.71359551,0.123957907,0.685751149,,,,,
2.33412,7.158010287,39.71359551,0.123957907,0.685751149,,,,,
2.33424,7.158010287,39.71359551,0.123957907,0.685751149,,,,,
2.33436,7.158010287,39.71359551,0.123957907,0.685751149,,,,,
2.33448,7.158598937,39.7136486,0.123900868,0.685437272,,,,,
2.3346,7.158598937,39.7136486,0.123900868,0.685437272,,,,,
2.33472,7.158598937,39.7136486,0.123900868,0.685437272,,,,,
2.33484,7.158598937,39.7136486,0.123900868,0.685437272,,,,,
2.33496,7.158598937,39.7136486,0.123900868,0.685437272,,,,,
2.33508,7.158598937,39.7136486,0.123900868,0.685437272,,,,,
2.3352,7.158598937,39.7136486,0.123900868,0.685437272,,,,,
2.33532,7.158598937,39.7136486,0.123900868,0.685437272,,,,,
2.33544,7.158260151,39.71363707,0.123886413,0.68536972,,,,,
2.33556,7.158260151,39.71363707,0.123886413,0.68536972,,,,,
2.33568,7.158260151,39.71363707,0.123886413,0.68536972,,,,,
2.3358,7.158260151,39.71363707,0.123886413,0.68536972,,,,,
2.33592,7.158260151,39.71363707,0.123886413,0.68536972,,,,,
2.33604,7.158260151,39.71363707,0.123886413,0.68536972,,,,,
2.33616,7.158260151,39.71363707,0.123886413,0.68536972,,,,,
2.33628,7.158260151,39.71363707,0.123886413,0.68536972,,,,,
2.3364,7.158260151,39.71363707,0.123886413,0.68536972,,,,,
2.33652,7.162034317,39.71357303,0.12393547,0.685648624,,,,,
2.33664,7.162034317,39.71357303,0.12393547,0.685648624,,,,,
2.33676,7.162034317,39.71357303,0.12393547,0.685648624,,,,,
2.33688,7.162034317,39.71357303,0.12393547,0.685648624,,,,,
2.337,7.162034317,39.71357303,0.12393547,0.685648624,,,,,
2.33712,7.162034317,39.71357303,0.12393547,0.685648624,,,,,
2.33724,7.162034317,39.71357303,0.12393547,0.685648624,,,,,
2.33736,7.162034317,39.71357303,0.12393547,0.685648624,,,,,
2.33748,7.162034317,39.71357303,0.12393547,0.685648624,,,,,
2.3376,7.162102806,39.71382868,0.123688413,0.684276424,,,,,
2.33772,7.162102806,39.71382868,0.123688413,0.684276424,,,,,
2.33784,7.162102806,39.71382868,0.123688413,0.684276424,,,,,
2.33796,7.162102806,39.71382868,0.123688413,0.684276424,,,,,
2.33808,7.162102806,39.71382868,0.123688413,0.684276424,,,,,
2.3382,7.162102806,39.71382868,0.123688413,0.684276424,,,,,
2.33832,7.162102806,39.71382868,0.123688413,0.684276424,,,,,
2.33844,7.162102806,39.71382868,0.123688413,0.684276424,,,,,
2.33856,7.157261711,39.71374779,0.123764237,0.684698515,,,,,
2.33868,7.157261711,39.71374779,0.123764237,0.684698515,,,,,
2.3388,7.157261711,39.71374779,0.123764237,0.684698515,,,,,
2.33892,7.157261711,39.71374779,0.123764237,0.684698515,,,,,
2.33904,7.157261711,39.71374779,0.123764237,0.684698515,,,,,
2.33916,7.157261711,39.71374779,0.123764237,0.684698515,,,,,
2.33928,7.157261711,39.71374779,0.123764237,0.684698515,,,,,
2.3394,7.157261711,39.71374779,0.123764237,0.684698515,,,,,
2.33952,7.157261711,39.71374779,0.123764237,0.684698515,,,,,
2.33964,7.161174708,39.71366147,0.123848575,0.685166226,,,,,
2.33976,7.161174708,39.71366147,0.123848575,0.685166226,,,,,
2.33988,7.161174708,39.71366147,0.123848575,0.685166226,,,,,
2.34,7.161174708,39.71366147,0.123848575,0.685166226,,,,,
2.34012,7.161174708,39.71366147,0.123848575,0.685166226,,,,,
2.34024,7.161174708,39.71366147,0.123848575,0.685166226,,,,,
2.34036,7.161174708,39.71366147,0.123848575,0.685166226,,,,,
2.34048,7.161174708,39.71366147,0.123848575,0.685166226,,,,,
2.3406,7.161174708,39.71366147,0.123848575,0.685166226,,,,,
2.34072,7.160629504,39.71371903,0.123786081,0.684822572,,,,,
2.34084,7.160629504,39.71371903,0.123786081,0.684822572,,,,,
2.34096,7.160629504,39.71371903,0.123786081,0.684822572,,,,,
2.34108,7.160629504,39.71371903,0.123786081,0.684822572,,,,,
2.3412,7.160629504,39.71371903,0.123786081,0.684822572,,,,,
2.34132,7.160629504,39.71371903,0.123786081,0.684822572,,,,,
2.34144,7.160629504,39.71371903,0.123786081,0.684822572,,,,,
2.34156,7.160629504,39.71371903,0.123786081,0.684822572,,,,,
2.34168,7.160253957,39.71369285,0.123813725,0.684974773,,,,,
2.3418,7.160253957,39.71369285,0.123813725,0.684974773,,,,,
2.34192,7.160253957,39.71369285,0.123813725,0.684974773,,,,,
2.34204,7.160253957,39.71369285,0.123813725,0.684974773,,,,,
2.34216,7.160253957,39.71369285,0.123813725,0.684974773,,,,,
2.34228,7.160253957,39.71369285,0.123813725,0.684974773,,,,,
2.3424,7.160253957,39.71369285,0.123813725,0.684974773,,,,,
2.34252,7.160253957,39.71369285,0.123813725,0.684974773,,,,,
2.34264,7.160253957,39.71369285,0.123813725,0.684974773,,,,,
2.34276,7.160661402,39.71369632,0.123811514,0.684961879,,,,,
2.34288,7.160661402,39.71369632,0.123811514,0.684961879,,,,,
2.343,7.160661402,39.71369632,0.123811514,0.684961879,,,,,
2.34312,7.160661402,39.71369632,0.123811514,0.684961879,,,,,
2.34324,7.160661402,39.71369632,0.123811514,0.684961879,,,,,
2.34336,7.160661402,39.71369632,0.123811514,0.684961879,,,,,
2.34348,7.160661402,39.71369632,0.123811514,0.684961879,,,,,
2.3436,7.160661402,39.71369632,0.123811514,0.684961879,,,,,
2.34372,7.160661402,39.71369632,0.123811514,0.684961879,,,,,
2.34384,7.161029892,39.71373445,0.123774658,0.684757254,,,,,
2.34396,7.161029892,39.71373445,0.123774658,0.684757254,,,,,
2.34408,7.161029892,39.71373445,0.123774658,0.684757254,,,,,
2.3442,7.161029892,39.71373445,0.123774658,0.684757254,,,,,
2.34432,7.161029892,39.71373445,0.123774658,0.684757254,,,,,
2.34444,7.161029892,39.71373445,0.123774658,0.684757254,,,,,
2.34456,7.161029892,39.71373445,0.123774658,0.684757254,,,,,
2.34468,7.161029892,39.71373445,0.123774658,0.684757254,,,,,
2.3448,7.160788821,39.71377432,0.123732741,0.684526336,,,,,
2.34492,7.160788821,39.71377432,0.123732741,0.684526336,,,,,
2.34504,7.160788821,39.71377432,0.123732741,0.684526336,,,,,
2.34516,7.160788821,39.71377432,0.123732741,0.684526336,,,,,
2.34528,7.160788821,39.71377432,0.123732741,0.684526336,,,,,
2.3454,7.160788821,39.71377432,0.123732741,0.684526336,,,,,
2.34552,7.160788821,39.71377432,0.123732741,0.684526336,,,,,
2.34564,7.160788821,39.71377432,0.123732741,0.684526336,,,,,
2.34576,7.160788821,39.71377432,0.123732741,0.684526336,,,,,
2.34588,7.161164315,39.71379462,0.123709295,0.684398289,,,,,
2.346,7.161164315,39.71379462,0.123709295,0.684398289,,,,,
2.34612,7.161164315,39.71379462,0.123709295,0.684398289,,,,,
2.34624,7.161164315,39.71379462,0.123709295,0.684398289,,,,,
2.34636,7.161164315,39.71379462,0.123709295,0.684398289,,,,,
2.34648,7.161164315,39.71379462,0.123709295,0.684398289,,,,,
2.3466,7.161164315,39.71379462,0.123709295,0.684398289,,,,,
2.34672,7.161164315,39.71379462,0.123709295,0.684398289,,,,,
2.34684,7.161164315,39.71379462,0.123709295,0.684398289,,,,,
2.34696,7.161107303,39.71382503,0.123675646,0.684213845,,,,,
2.34708,7.161107303,39.71382503,0.123675646,0.684213845,,,,,
2.3472,7.161107303,39.71382503,0.123675646,0.684213845,,,,,
2.34732,7.161107303,39.71382503,0.123675646,0.684213845,,,,,
2.34744,7.161107303,39.71382503,0.123675646,0.684213845,,,,,
2.34756,7.161107303,39.71382503,0.123675646,0.684213845,,,,,
2.34768,7.161107303,39.71382503,0.123675646,0.684213845,,,,,
2.3478,7.161107303,39.71382503,0.123675646,0.684213845,,,,,
2.34792,7.160699514,39.71380322,0.123693582,0.684315298,,,,,
2.34804,7.160699514,39.71380322,0.123693582,0.684315298,,,,,
2.34816,7.160699514,39.71380322,0.123693582,0.684315298,,,,,
2.34828,7.160699514,39.71380322,0.123693582,0.684315298,,,,,
2.3484,7.160699514,39.71380322,0.123693582,0.684315298,,,,,
2.34852,7.160699514,39.71380322,0.123693582,0.684315298,,,,,
2.34864,7.160699514,39.71380322,0.123693582,0.684315298,,,,,
2.34876,7.160699514,39.71380322,0.123693582,0.684315298,,,,,
2.34888,7.160699514,39.71380322,0.123693582,0.684315298,,,,,
2.349,7.161064405,39.71376736,0.123726805,0.684500732,,,,,
2.34912,7.161064405,39.71376736,0.123726805,0.684500732,,,,,
2.34924,7.161064405,39.71376736,0.123726805,0.684500732,,,,,
2.34936,7.161064405,39.71376736,0.123726805,0.684500732,,,,,
2.34948,7.161064405,39.71376736,0.123726805,0.684500732,,,,,
2.3496,7.161064405,39.71376736,0.123726805,0.684500732,,,,,
2.34972,7.161064405,39.71376736,0.123726805,0.684500732,,,,,
2.34984,7.161064405,39.71376736,0.123726805,0.684500732,,,,,
2.34996,7.161064405,39.71376736,0.123726805,0.684500732,,,,,
2.35008,7.16127089,39.71374266,0.123749165,0.684625839,,,,,
2.3502,7.16127089,39.71374266,0.123749165,0.684625839,,,,,
2.35032,7.16127089,39.71374266,0.123749165,0.684625839,,,,,
2.35044,7.16127089,39.71374266,0.123749165,0.684625839,,,,,
2.35056,7.16127089,39.71374266,0.123749165,0.684625839,,,,,
2.35068,7.16127089,39.71374266,0.123749165,0.684625839,,,,,
2.3508,7.16127089,39.71374266,0.123749165,0.684625839,,,,,
2.35092,7.16127089,39.71374266,0.123749165,0.684625839,,,,,
2.35104,7.16127089,39.71374266,0.123749165,0.684625839,,,,,
2.35116,7.161795648,39.71372784,0.123761366,0.684694767,,,,,
2.35128,7.161795648,39.71372784,0.123761366,0.684694767,,,,,
2.3514,7.161795648,39.71372784,0.123761366,0.684694767,,,,,
2.35152,7.161795648,39.71372784,0.123761366,0.684694767,,,,,
2.35164,7.161795648,39.71372784,0.123761366,0.684694767,,,,,
2.35176,7.161795648,39.71372784,0.123761366,0.684694767,,,,,
2.35188,7.161795648,39.71372784,0.123761366,0.684694767,,,,,
2.352,7.161795648,39.71372784,0.123761366,0.684694767,,,,,
2.35212,7.161630787,39.7136795,0.123793213,0.684879672,,,,,
2.35224,7.161630787,39.7136795,0.123793213,0.684879672,,,,,
2.35236,7.161630787,39.7136795,0.123793213,0.684879672,,,,,
2.35248,7.161630787,39.7136795,0.123793213,0.684879672,,,,,
2.3526,7.161630787,39.7136795,0.123793213,0.684879672,,,,,
2.35272,7.161630787,39.7136795,0.123793213,0.684879672,,,,,
2.35284,7.161630787,39.7136795,0.123793213,0.684879672,,,,,
2.35296,7.161630787,39.7136795,0.123793213,0.684879672,,,,,
2.35308,7.161630787,39.7136795,0.123793213,0.684879672,,,,,
2.3532,7.164273666,39.7135762,0.123884125,0.685389506,,,,,
2.35332,7.164273666,39.7135762,0.123884125,0.685389506,,,,,
2.35344,7.164273666,39.7135762,0.123884125,0.685389506,,,,,
2.35356,7.164273666,39.7135762,0.123884125,0.685389506,,,,,
2.35368,7.164273666,39.7135762,0.123884125,0.685389506,,,,,
2.3538,7.164273666,39.7135762,0.123884125,0.685389506,,,,,
2.35392,7.164273666,39.7135762,0.123884125,0.685389506,,,,,
2.35404,7.164273666,39.7135762,0.123884125,0.685389506,,,,,
2.35416,7.164273666,39.7135762,0.123884125,0.685389506,,,,,
2.35428,7.165190632,39.71373538,0.123731011,0.684538432,,,,,
2.3544,7.165190632,39.71373538,0.123731011,0.684538432,,,,,
2.35452,7.165190632,39.71373538,0.123731011,0.684538432,,,,,
2.35464,7.165190632,39.71373538,0.123731011,0.684538432,,,,,
2.35476,7.165190632,39.71373538,0.123731011,0.684538432,,,,,
2.35488,7.165190632,39.71373538,0.123731011,0.684538432,,,,,
2.355,7.165190632,39.71373538,0.123731011,0.684538432,,,,,
2.35512,7.165190632,39.71373538,0.123731011,0.684538432,,,,,
2.35524,7.161174666,39.71367801,0.123786021,0.68484406,,,,,
2.35536,7.161174666,39.71367801,0.123786021,0.68484406,,,,,
2.35548,7.161174666,39.71367801,0.123786021,0.68484406,,,,,
2.3556,7.161174666,39.71367801,0.123786021,0.68484406,,,,,
2.35572,7.161174666,39.71367801,0.123786021,0.68484406,,,,,
2.35584,7.161174666,39.71367801,0.123786021,0.68484406,,,,,
2.35596,7.161174666,39.71367801,0.123786021,0.68484406,,,,,
2.35608,7.161174666,39.71367801,0.123786021,0.68484406,,,,,
2.3562,7.161174666,39.71367801,0.123786021,0.68484406,,,,,
2.35632,7.164146823,39.71358943,0.123874273,0.68533264,,,,,
2.35644,7.164146823,39.71358943,0.123874273,0.68533264,,,,,
2.35656,7.164146823,39.71358943,0.123874273,0.68533264,,,,,
2.35668,7.164146823,39.71358943,0.123874273,0.68533264,,,,,
2.3568,7.164146823,39.71358943,0.123874273,0.68533264,,,,,
2.35692,7.164146823,39.71358943,0.123874273,0.68533264,,,,,
2.35704,7.164146823,39.71358943,0.123874273,0.68533264,,,,,
2.35716,7.164146823,39.71358943,0.123874273,0.68533264,,,,,
2.35728,7.164146823,39.71358943,0.123874273,0.68533264,,,,,
2.3574,7.16415949,39.71364328,0.123816603,0.685015288,,,,,
2.35752,7.16415949,39.71364328,0.123816603,0.685015288,,,,,
2.35764,7.16415949,39.71364328,0.123816603,0.685015288,,,,,
2.35776,7.16415949,39.71364328,0.123816603,0.685015288,,,,,
2.35788,7.16415949,39.71364328,0.123816603,0.685015288,,,,,
2.358,7.16415949,39.71364328,0.123816603,0.685015288,,,,,
2.35812,7.16415949,39.71364328,0.123816603,0.685015288,,,,,
2.35824,7.16415949,39.71364328,0.123816603,0.685015288,,,,,
2.35836,7.163696829,39.71362851,0.123830422,0.685092209,,,,,
2.35848,7.163696829,39.71362851,0.123830422,0.685092209,,,,,
2.3586,7.163696829,39.71362851,0.123830422,0.685092209,,,,,
2.35872,7.163696829,39.71362851,0.123830422,0.685092209,,,,,
2.35884,7.163696829,39.71362851,0.123830422,0.685092209,,,,,
2.35896,7.163696829,39.71362851,0.123830422,0.685092209,,,,,
2.35908,7.163696829,39.71362851,0.123830422,0.685092209,,,,,
2.3592,7.163696829,39.71362851,0.123830422,0.685092209,,,,,
2.35932,7.163696829,39.71362851,0.123830422,0.685092209,,,,,
2.35944,7.163873349,39.7136115,0.123846009,0.685179256,,,,,
2.35956,7.163873349,39.7136115,0.123846009,0.685179256,,,,,
2.35968,7.163873349,39.7136115,0.123846009,0.685179256,,,,,
2.3598,7.163873349,39.7136115,0.123846009,0.685179256,,,,,
2.35992,7.163873349,39.7136115,0.123846009,0.685179256,,,,,
2.36004,7.163873349,39.7136115,0.123846009,0.685179256,,,,,
2.36016,7.163873349,39.7136115,0.123846009,0.685179256,,,,,
2.36028,7.163873349,39.7136115,0.123846009,0.685179256,,,,,
2.3604,7.163873349,39.7136115,0.123846009,0.685179256,,,,,
2.36052,7.164061655,39.71359791,0.123858573,0.685249407,,,,,
2.36064,7.164061655,39.71359791,0.123858573,0.685249407,,,,,
2.36076,7.164061655,39.71359791,0.123858573,0.685249407,,,,,
2.36088,7.164061655,39.71359791,0.123858573,0.685249407,,,,,
2.361,7.164061655,39.71359791,0.123858573,0.685249407,,,,,
2.36112,7.164061655,39.71359791,0.123858573,0.685249407,,,,,
2.36124,7.164061655,39.71359791,0.123858573,0.685249407,,,,,
2.36136,7.164061655,39.71359791,0.123858573,0.685249407,,,,,
2.36148,7.163877879,39.71358095,0.123874218,0.68533684,,,,,
2.3616,7.163877879,39.71358095,0.123874218,0.68533684,,,,,
2.36172,7.163877879,39.71358095,0.123874218,0.68533684,,,,,
2.36184,7.163877879,39.71358095,0.123874218,0.68533684,,,,,
2.36196,7.163877879,39.71358095,0.123874218,0.68533684,,,,,
2.36208,7.163877879,39.71358095,0.123874218,0.68533684,,,,,
2.3622,7.163877879,39.71358095,0.123874218,0.68533684,,,,,
2.36232,7.163877879,39.71358095,0.123874218,0.68533684,,,,,
2.36244,7.163877879,39.71358095,0.123874218,0.68533684,,,,,
2.36256,7.164173955,39.71355596,0.123899089,0.685474756,,,,,
2.36268,7.164173955,39.71355596,0.123899089,0.685474756,,,,,
2.3628,7.164173955,39.71355596,0.123899089,0.685474756,,,,,
2.36292,7.164173955,39.71355596,0.123899089,0.685474756,,,,,
2.36304,7.164173955,39.71355596,0.123899089,0.685474756,,,,,
2.36316,7.164173955,39.71355596,0.123899089,0.685474756,,,,,
2.36328,7.164173955,39.71355596,0.123899089,0.685474756,,,,,
2.3634,7.164173955,39.71355596,0.123899089,0.685474756,,,,,
2.36352,7.164173955,39.71355596,0.123899089,0.685474756,,,,,
2.36364,7.164392138,39.7135699,0.123886824,0.685406117,,,,,
2.36376,7.164392138,39.7135699,0.123886824,0.685406117,,,,,
2.36388,7.164392138,39.7135699,0.123886824,0.685406117,,,,,
2.364,7.164392138,39.7135699,0.123886824,0.685406117,,,,,
2.36412,7.164392138,39.7135699,0.123886824,0.685406117,,,,,
2.36424,7.164392138,39.7135699,0.123886824,0.685406117,,,,,
2.36436,7.164392138,39.7135699,0.123886824,0.685406117,,,,,
2.36448,7.164392138,39.7135699,0.123886824,0.685406117,,,,,
2.3646,7.164246686,39.71358601,0.123871787,0.685322465,,,,,
2.36472,7.164246686,39.71358601,0.123871787,0.685322465,,,,,
2.36484,7.164246686,39.71358601,0.123871787,0.685322465,,,,,
2.36496,7.164246686,39.71358601,0.123871787,0.685322465,,,,,
2.36508,7.164246686,39.71358601,0.123871787,0.685322465,,,,,
2.3652,7.164246686,39.71358601,0.123871787,0.685322465,,,,,
2.36532,7.164246686,39.71358601,0.123871787,0.685322465,,,,,
2.36544,7.164246686,39.71358601,0.123871787,0.685322465,,,,,
2.36556,7.164246686,39.71358601,0.123871787,0.685322465,,,,,
2.36568,7.16450742,39.71361103,0.123846711,0.685183824,,,,,
2.3658,7.16450742,39.71361103,0.123846711,0.685183824,,,,,
2.36592,7.16450742,39.71361103,0.123846711,0.685183824,,,,,
2.36604,7.16450742,39.71361103,0.123846711,0.685183824,,,,,
2.36616,7.16450742,39.71361103,0.123846711,0.685183824,,,,,
2.36628,7.16450742,39.71361103,0.123846711,0.685183824,,,,,
2.3664,7.16450742,39.71361103,0.123846711,0.685183824,,,,,
2.36652,7.16450742,39.71361103,0.123846711,0.685183824,,,,,
2.36664,7.16450742,39.71361103,0.123846711,0.685183824,,,,,
2.36676,7.164489275,39.71363807,0.12381744,0.685023081,,,,,
2.36688,7.164489275,39.71363807,0.12381744,0.685023081,,,,,
2.367,7.164489275,39.71363807,0.12381744,0.685023081,,,,,
2.36712,7.164489275,39.71363807,0.12381744,0.685023081,,,,,
2.36724,7.164489275,39.71363807,0.12381744,0.685023081,,,,,
2.36736,7.164489275,39.71363807,0.12381744,0.685023081,,,,,
2.36748,7.164489275,39.71363807,0.12381744,0.685023081,,,,,
2.3676,7.164489275,39.71363807,0.12381744,0.685023081,,,,,
2.36772,7.164578792,39.71364551,0.123806601,0.68496496,,,,,
2.36784,7.164578792,39.71364551,0.123806601,0.68496496,,,,,
2.36796,7.164578792,39.71364551,0.123806601,0.68496496,,,,,
2.36808,7.164578792,39.71364551,0.123806601,0.68496496,,,,,
2.3682,7.164578792,39.71364551,0.123806601,0.68496496,,,,,
2.36832,7.164578792,39.71364551,0.123806601,0.68496496,,,,,
2.36844,7.164578792,39.71364551,0.123806601,0.68496496,,,,,
2.36856,7.164578792,39.71364551,0.123806601,0.68496496,,,,,
2.36868,7.164578792,39.71364551,0.123806601,0.68496496,,,,,
2.3688,7.164314806,39.71360755,0.123833211,0.685118527,,,,,
2.36892,7.164314806,39.71360755,0.123833211,0.685118527,,,,,
2.36904,7.164314806,39.71360755,0.123833211,0.685118527,,,,,
2.36916,7.164314806,39.71360755,0.123833211,0.685118527,,,,,
2.36928,7.164314806,39.71360755,0.123833211,0.685118527,,,,,
2.3694,7.164314806,39.71360755,0.123833211,0.685118527,,,,,
2.36952,7.164314806,39.71360755,0.123833211,0.685118527,,,,,
2.36964,7.164314806,39.71360755,0.123833211,0.685118527,,,,,
2.36976,7.164314806,39.71360755,0.123833211,0.685118527,,,,,
2.36988,7.165882399,39.7135099,0.123921621,0.685613085,,,,,
2.37,7.165882399,39.7135099,0.123921621,0.685613085,,,,,
2.37012,7.165882399,39.7135099,0.123921621,0.685613085,,,,,
2.37024,7.165882399,39.7135099,0.123921621,0.685613085,,,,,
2.37036,7.165882399,39.7135099,0.123921621,0.685613085,,,,,
2.37048,7.165882399,39.7135099,0.123921621,0.685613085,,,,,
2.3706,7.165882399,39.7135099,0.123921621,0.685613085,,,,,
2.37072,7.165882399,39.7135099,0.123921621,0.685613085,,,,,
2.37084,7.166943137,39.71359718,0.123839086,0.68515333,,,,,
2.37096,7.166943137,39.71359718,0.123839086,0.68515333,,,,,
2.37108,7.166943137,39.71359718,0.123839086,0.68515333,,,,,
2.3712,7.166943137,39.71359718,0.123839086,0.68515333,,,,,
2.37132,7.166943137,39.71359718,0.123839086,0.68515333,,,,,
2.37144,7.166943137,39.71359718,0.123839086,0.68515333,,,,,
2.37156,7.166943137,39.71359718,0.123839086,0.68515333,,,,,
2.37168,7.166943137,39.71359718,0.123839086,0.68515333,,,,,
2.3718,7.166943137,39.71359718,0.123839086,0.68515333,,,,,
2.37192,7.164061515,39.7135703,0.12386671,0.685305678,,,,,
2.37204,7.164061515,39.7135703,0.12386671,0.685305678,,,,,
2.37216,7.164061515,39.7135703,0.12386671,0.685305678,,,,,
2.37228,7.164061515,39.7135703,0.12386671,0.685305678,,,,,
2.3724,7.164061515,39.7135703,0.12386671,0.685305678,,,,,
2.37252,7.164061515,39.7135703,0.12386671,0.685305678,,,,,
2.37264,7.164061515,39.7135703,0.12386671,0.685305678,,,,,
2.37276,7.164061515,39.7135703,0.12386671,0.685305678,,,,,
2.37288,7.164061515,39.7135703,0.12386671,0.685305678,,,,,
2.373,7.165899765,39.71351063,0.123928298,0.685645393,,,,,
2.37312,7.165899765,39.71351063,0.123928298,0.685645393,,,,,
2.37324,7.165899765,39.71351063,0.123928298,0.685645393,,,,,
2.37336,7.165899765,39.71351063,0.123928298,0.685645393,,,,,
2.37348,7.165899765,39.71351063,0.123928298,0.685645393,,,,,
2.3736,7.165899765,39.71351063,0.123928298,0.685645393,,,,,
2.37372,7.165899765,39.71351063,0.123928298,0.685645393,,,,,
2.37384,7.165899765,39.71351063,0.123928298,0.685645393,,,,,
2.37396,7.166005867,39.71356272,0.123875206,0.685351904,,,,,
2.37408,7.166005867,39.71356272,0.123875206,0.685351904,,,,,
2.3742,7.166005867,39.71356272,0.123875206,0.685351904,,,,,
2.37432,7.166005867,39.71356272,0.123875206,0.685351904,,,,,
2.37444,7.166005867,39.71356272,0.123875206,0.685351904,,,,,
2.37456,7.166005867,39.71356272,0.123875206,0.685351904,,,,,
2.37468,7.166005867,39.71356272,0.123875206,0.685351904,,,,,
2.3748,7.166005867,39.71356272,0.123875206,0.685351904,,,,,
2.37492,7.166005867,39.71356272,0.123875206,0.685351904,,,,,
2.37504,7.165490351,39.71356702,0.123871163,0.6853293,,,,,
2.37516,7.165490351,39.71356702,0.123871163,0.6853293,,,,,
2.37528,7.165490351,39.71356702,0.123871163,0.6853293,,,,,
2.3754,7.165490351,39.71356702,0.123871163,0.6853293,,,,,
2.37552,7.165490351,39.71356702,0.123871163,0.6853293,,,,,
2.37564,7.165490351,39.71356702,0.123871163,0.6853293,,,,,
2.37576,7.165490351,39.71356702,0.123871163,0.6853293,,,,,
2.37588,7.165490351,39.71356702,0.123871163,0.6853293,,,,,
2.376,7.165490351,39.71356702,0.123871163,0.6853293,,,,,
2.37612,7.165556948,39.71356632,0.123872021,0.685333928,,,,,
2.37624,7.165556948,39.71356632,0.123872021,0.685333928,,,,,
2.37636,7.165556948,39.71356632,0.123872021,0.685333928,,,,,
2.37648,7.165556948,39.71356632,0.123872021,0.685333928,,,,,
2.3766,7.165556948,39.71356632,0.123872021,0.685333928,,,,,
2.37672,7.165556948,39.71356632,0.123872021,0.685333928,,,,,
2.37684,7.165556948,39.71356632,0.123872021,0.685333928,,,,,
2.37696,7.165556948,39.71356632,0.123872021,0.685333928,,,,,
2.37708,7.165556948,39.71356632,0.123872021,0.685333928,,,,,
2.3772,7.165678912,39.71357105,0.123867363,0.685308144,,,,,
2.37732,7.165678912,39.71357105,0.123867363,0.685308144,,,,,
2.37744,7.165678912,39.71357105,0.123867363,0.685308144,,,,,
2.37756,7.165678912,39.71357105,0.123867363,0.685308144,,,,,
2.37768,7.165678912,39.71357105,0.123867363,0.685308144,,,,,
2.3778,7.165678912,39.71357105,0.123867363,0.685308144,,,,,
2.37792,7.165678912,39.71357105,0.123867363,0.685308144,,,,,
2.37804,7.165678912,39.71357105,0.123867363,0.685308144,,,,,
2.37816,7.165544722,39.71357641,0.123861311,0.685275131,,,,,
2.37828,7.165544722,39.71357641,0.123861311,0.685275131,,,,,
2.3784,7.165544722,39.71357641,0.123861311,0.685275131,,,,,
2.37852,7.165544722,39.71357641,0.123861311,0.685275131,,,,,
2.37864,7.165544722,39.71357641,0.123861311,0.685275131,,,,,
2.37876,7.165544722,39.71357641,0.123861311,0.685275131,,,,,
2.37888,7.165544722,39.71357641,0.123861311,0.685275131,,,,,
2.379,7.165544722,39.71357641,0.123861311,0.685275131,,,,,
2.37912,7.165544722,39.71357641,0.123861311,0.685275131,,,,,
2.37924,7.165631263,39.71356759,0.123869196,0.685319449,,,,,
2.37936,7.165631263,39.71356759,0.123869196,0.685319449,,,,,
2.37948,7.165631263,39.71356759,0.123869196,0.685319449,,,,,
2.3796,7.165631263,39.71356759,0.123869196,0.685319449,,,,,
2.37972,7.165631263,39.71356759,0.123869196,0.685319449,,,,,
2.37984,7.165631263,39.71356759,0.123869196,0.685319449,,,,,
2.37996,7.165631263,39.71356759,0.123869196,0.685319449,,,,,
2.38008,7.165631263,39.71356759,0.123869196,0.685319449,,,,,
2.3802,7.165631263,39.71356759,0.123869196,0.685319449,,,,,
2.38032,7.165670575,39.71356914,0.123867326,0.685309447,,,,,
2.38044,7.165670575,39.71356914,0.123867326,0.685309447,,,,,
2.38056,7.165670575,39.71356914,0.123867326,0.685309447,,,,,
2.38068,7.165670575,39.71356914,0.123867326,0.685309447,,,,,
2.3808,7.165670575,39.71356914,0.123867326,0.685309447,,,,,
2.38092,7.165670575,39.71356914,0.123867326,0.685309447,,,,,
2.38104,7.165670575,39.71356914,0.123867326,0.685309447,,,,,
2.38116,7.165670575,39.71356914,0.123867326,0.685309447,,,,,
2.38128,7.165376375,39.71355141,0.123884319,0.685404097,,,,,
2.3814,7.165376375,39.71355141,0.123884319,0.685404097,,,,,
2.38152,7.165376375,39.71355141,0.123884319,0.685404097,,,,,
2.38164,7.165376375,39.71355141,0.123884319,0.685404097,,,,,
2.38176,7.165376375,39.71355141,0.123884319,0.685404097,,,,,
2.38188,7.165376375,39.71355141,0.123884319,0.685404097,,,,,
2.382,7.165376375,39.71355141,0.123884319,0.685404097,,,,,
2.38212,7.165376375,39.71355141,0.123884319,0.685404097,,,,,
2.38224,7.165376375,39.71355141,0.123884319,0.685404097,,,,,
2.38236,7.165441097,39.71352157,0.123913693,0.685567108,,,,,
2.38248,7.165441097,39.71352157,0.123913693,0.685567108,,,,,
2.3826,7.165441097,39.71352157,0.123913693,0.685567108,,,,,
2.38272,7.165441097,39.71352157,0.123913693,0.685567108,,,,,
2.38284,7.165441097,39.71352157,0.123913693,0.685567108,,,,,
2.38296,7.165441097,39.71352157,0.123913693,0.685567108,,,,,
2.38308,7.165441097,39.71352157,0.123913693,0.685567108,,,,,
2.3832,7.165441097,39.71352157,0.123913693,0.685567108,,,,,
2.38332,7.165441097,39.71352157,0.123913693,0.685567108,,,,,
2.38344,7.165501906,39.71349532,0.123939546,0.685710543,,,,,
2.38356,7.165501906,39.71349532,0.123939546,0.685710543,,,,,
2.38368,7.165501906,39.71349532,0.123939546,0.685710543,,,,,
2.3838,7.165501906,39.71349532,0.123939546,0.685710543,,,,,
2.38392,7.165501906,39.71349532,0.123939546,0.685710543,,,,,
2.38404,7.165501906,39.71349532,0.123939546,0.685710543,,,,,
2.38416,7.165501906,39.71349532,0.123939546,0.685710543,,,,,
2.38428,7.165501906,39.71349532,0.123939546,0.685710543,,,,,
2.3844,7.165730608,39.71347681,0.12395789,0.685812222,,,,,
2.38452,7.165730608,39.71347681,0.12395789,0.685812222,,,,,
2.38464,7.165730608,39.71347681,0.12395789,0.685812222,,,,,
2.38476,7.165730608,39.71347681,0.12395789,0.685812222,,,,,
2.38488,7.165730608,39.71347681,0.12395789,0.685812222,,,,,
2.385,7.165730608,39.71347681,0.12395789,0.685812222,,,,,
2.38512,7.165730608,39.71347681,0.12395789,0.685812222,,,,,
2.38524,7.165730608,39.71347681,0.12395789,0.685812222,,,,,
2.38536,7.165730608,39.71347681,0.12395789,0.685812222,,,,,
2.38548,7.165703432,39.71345369,0.123975801,0.685914304,,,,,
2.3856,7.165703432,39.71345369,0.123975801,0.685914304,,,,,
2.38572,7.165703432,39.71345369,0.123975801,0.685914304,,,,,
2.38584,7.165703432,39.71345369,0.123975801,0.685914304,,,,,
2.38596,7.165703432,39.71345369,0.123975801,0.685914304,,,,,
2.38608,7.165703432,39.71345369,0.123975801,0.685914304,,,,,
2.3862,7.165703432,39.71345369,0.123975801,0.685914304,,,,,
2.38632,7.165703432,39.71345369,0.123975801,0.685914304,,,,,
2.38644,7.165703432,39.71345369,0.123975801,0.685914304,,,,,
2.38656,7.166674775,39.71339994,0.124023606,0.686182282,,,,,
2.38668,7.166674775,39.71339994,0.124023606,0.686182282,,,,,
2.3868,7.166674775,39.71339994,0.124023606,0.686182282,,,,,
2.38692,7.166674775,39.71339994,0.124023606,0.686182282,,,,,
2.38704,7.166674775,39.71339994,0.124023606,0.686182282,,,,,
2.38716,7.166674775,39.71339994,0.124023606,0.686182282,,,,,
2.38728,7.166674775,39.71339994,0.124023606,0.686182282,,,,,
2.3874,7.166674775,39.71339994,0.124023606,0.686182282,,,,,
2.38752,7.167496643,39.71345758,0.123967111,0.685868731,,,,,
2.38764,7.167496643,39.71345758,0.123967111,0.685868731,,,,,
2.38776,7.167496643,39.71345758,0.123967111,0.685868731,,,,,
2.38788,7.167496643,39.71345758,0.123967111,0.685868731,,,,,
2.388,7.167496643,39.71345758,0.123967111,0.685868731,,,,,
2.38812,7.167496643,39.71345758,0.123967111,0.685868731,,,,,
2.38824,7.167496643,39.71345758,0.123967111,0.685868731,,,,,
2.38836,7.167496643,39.71345758,0.123967111,0.685868731,,,,,
2.38848,7.167496643,39.71345758,0.123967111,0.685868731,,,,,
2.3886,7.16551755,39.71343273,0.123989818,0.685995513,,,,,
2.38872,7.16551755,39.71343273,0.123989818,0.685995513,,,,,
2.38884,7.16551755,39.71343273,0.123989818,0.685995513,,,,,
2.38896,7.16551755,39.71343273,0.123989818,0.685995513,,,,,
2.38908,7.16551755,39.71343273,0.123989818,0.685995513,,,,,
2.3892,7.16551755,39.71343273,0.123989818,0.685995513,,,,,
2.38932,7.16551755,39.71343273,0.123989818,0.685995513,,,,,
2.38944,7.16551755,39.71343273,0.123989818,0.685995513,,,,,
2.38956,7.16551755,39.71343273,0.123989818,0.685995513,,,,,
2.38968,7.166459624,39.7133503,0.124071007,0.686445543,,,,,
2.3898,7.166459624,39.7133503,0.124071007,0.686445543,,,,,
2.38992,7.166459624,39.7133503,0.124071007,0.686445543,,,,,
2.39004,7.166459624,39.7133503,0.124071007,0.686445543,,,,,
2.39016,7.166459624,39.7133503,0.124071007,0.686445543,,,,,
2.39028,7.166459624,39.7133503,0.124071007,0.686445543,,,,,
2.3904,7.166459624,39.7133503,0.124071007,0.686445543,,,,,
2.39052,7.166459624,39.7133503,0.124071007,0.686445543,,,,,
2.39064,7.166615328,39.71332556,0.124093819,0.686572831,,,,,
2.39076,7.166615328,39.71332556,0.124093819,0.686572831,,,,,
2.39088,7.166615328,39.71332556,0.124093819,0.686572831,,,,,
2.391,7.166615328,39.71332556,0.124093819,0.686572831,,,,,
2.39112,7.166615328,39.71332556,0.124093819,0.686572831,,,,,
2.39124,7.166615328,39.71332556,0.124093819,0.686572831,,,,,
2.39136,7.166615328,39.71332556,0.124093819,0.686572831,,,,,
2.39148,7.166615328,39.71332556,0.124093819,0.686572831,,,,,
2.3916,7.166615328,39.71332556,0.124093819,0.686572831,,,,,
2.39172,7.166386788,39.7132736,0.124145712,0.686860065,,,,,
2.39184,7.166386788,39.7132736,0.124145712,0.686860065,,,,,
2.39196,7.166386788,39.7132736,0.124145712,0.686860065,,,,,
2.39208,7.166386788,39.7132736,0.124145712,0.686860065,,,,,
2.3922,7.166386788,39.7132736,0.124145712,0.686860065,,,,,
2.39232,7.166386788,39.7132736,0.124145712,0.686860065,,,,,
2.39244,7.166386788,39.7132736,0.124145712,0.686860065,,,,,
2.39256,7.166386788,39.7132736,0.124145712,0.686860065,,,,,
2.39268,7.166386788,39.7132736,0.124145712,0.686860065,,,,,
2.3928,7.166618042,39.71323307,0.124187144,0.68708889,,,,,
2.39292,7.166618042,39.71323307,0.124187144,0.68708889,,,,,
2.39304,7.166618042,39.71323307,0.124187144,0.68708889,,,,,
2.39316,7.166618042,39.71323307,0.124187144,0.68708889,,,,,
2.39328,7.166618042,39.71323307,0.124187144,0.68708889,,,,,
2.3934,7.166618042,39.71323307,0.124187144,0.68708889,,,,,
2.39352,7.166618042,39.71323307,0.124187144,0.68708889,,,,,
2.39364,7.166618042,39.71323307,0.124187144,0.68708889,,,,,
2.39376,7.166838629,39.71321429,0.124206818,0.687197338,,,,,
2.39388,7.166838629,39.71321429,0.124206818,0.687197338,,,,,
2.394,7.166838629,39.71321429,0.124206818,0.687197338,,,,,
2.39412,7.166838629,39.71321429,0.124206818,0.687197338,,,,,
2.39424,7.166838629,39.71321429,0.124206818,0.687197338,,,,,
2.39436,7.166838629,39.71321429,0.124206818,0.687197338,,,,,
2.39448,7.166838629,39.71321429,0.124206818,0.687197338,,,,,
2.3946,7.166838629,39.71321429,0.124206818,0.687197338,,,,,
2.39472,7.166838629,39.71321429,0.124206818,0.687197338,,,,,
2.39484,7.166844725,39.71320812,0.124212923,0.68723127,,,,,
2.39496,7.166844725,39.71320812,0.124212923,0.68723127,,,,,
2.39508,7.166844725,39.71320812,0.124212923,0.68723127,,,,,
2.3952,7.166844725,39.71320812,0.124212923,0.68723127,,,,,
2.39532,7.166844725,39.71320812,0.124212923,0.68723127,,,,,
2.39544,7.166844725,39.71320812,0.124212923,0.68723127,,,,,
2.39556,7.166844725,39.71320812,0.124212923,0.68723127,,,,,
2.39568,7.166844725,39.71320812,0.124212923,0.68723127,,,,,
2.3958,7.166844725,39.71320812,0.124212923,0.68723127,,,,,
2.39592,7.166914036,39.71319546,0.12422462,0.687296718,,,,,
2.39604,7.166914036,39.71319546,0.12422462,0.687296718,,,,,
2.39616,7.166914036,39.71319546,0.12422462,0.687296718,,,,,
2.39628,7.166914036,39.71319546,0.12422462,0.687296718,,,,,
2.3964,7.166914036,39.71319546,0.12422462,0.687296718,,,,,
2.39652,7.166914036,39.71319546,0.12422462,0.687296718,,,,,
2.39664,7.166914036,39.71319546,0.12422462,0.687296718,,,,,
2.39676,7.166914036,39.71319546,0.12422462,0.687296718,,,,,
2.39688,7.166987523,39.71318715,0.1242321,0.687338773,,,,,
2.397,7.166987523,39.71318715,0.1242321,0.687338773,,,,,
2.39712,7.166987523,39.71318715,0.1242321,0.687338773,,,,,
2.39724,7.166987523,39.71318715,0.1242321,0.687338773,,,,,
2.39736,7.166987523,39.71318715,0.1242321,0.687338773,,,,,
2.39748,7.166987523,39.71318715,0.1242321,0.687338773,,,,,
2.3976,7.166987523,39.71318715,0.1242321,0.687338773,,,,,
2.39772,7.166987523,39.71318715,0.1242321,0.687338773,,,,,
2.39784,7.166987523,39.71318715,0.1242321,0.687338773,,,,,
2.39796,7.166888592,39.71316879,0.124249472,0.687435667,,,,,
2.39808,7.166888592,39.71316879,0.124249472,0.687435667,,,,,
2.3982,7.166888592,39.71316879,0.124249472,0.687435667,,,,,
2.39832,7.166888592,39.71316879,0.124249472,0.687435667,,,,,
2.39844,7.166888592,39.71316879,0.124249472,0.687435667,,,,,
2.39856,7.166888592,39.71316879,0.124249472,0.687435667,,,,,
2.39868,7.166888592,39.71316879,0.124249472,0.687435667,,,,,
2.3988,7.166888592,39.71316879,0.124249472,0.687435667,,,,,
2.39892,7.166888592,39.71316879,0.124249472,0.687435667,,,,,
2.39904,7.166983857,39.71314432,0.124272909,0.687566143,,,,,
2.39916,7.166983857,39.71314432,0.124272909,0.687566143,,,,,
2.39928,7.166983857,39.71314432,0.124272909,0.687566143,,,,,
2.3994,7.166983857,39.71314432,0.124272909,0.687566143,,,,,
2.39952,7.166983857,39.71314432,0.124272909,0.687566143,,,,,
2.39964,7.166983857,39.71314432,0.124272909,0.687566143,,,,,
2.39976,7.166983857,39.71314432,0.124272909,0.687566143,,,,,
2.39988,7.166983857,39.71314432,0.124272909,0.687566143,,,,,
2.4,7.167058156,39.71311842,0.124297391,0.687702585,,,,,
2.40012,7.167058156,39.71311842,0.124297391,0.687702585,,,,,
2.40024,7.167058156,39.71311842,0.124297391,0.687702585,,,,,
2.40036,7.167058156,39.71311842,0.124297391,0.687702585,,,,,
2.40048,7.167058156,39.71311842,0.124297391,0.687702585,,,,,
2.4006,7.167058156,39.71311842,0.124297391,0.687702585,,,,,
2.40072,7.167058156,39.71311842,0.124297391,0.687702585,,,,,
2.40084,7.167058156,39.71311842,0.124297391,0.687702585,,,,,
2.40096,7.167058156,39.71311842,0.124297391,0.687702585,,,,,
2.40108,7.167228998,39.71309178,0.124322584,0.687842917,,,,,
2.4012,7.167228998,39.71309178,0.124322584,0.687842917,,,,,
2.40132,7.167228998,39.71309178,0.124322584,0.687842917,,,,,
2.40144,7.167228998,39.71309178,0.124322584,0.687842917,,,,,
2.40156,7.167228998,39.71309178,0.124322584,0.687842917,,,,,
2.40168,7.167228998,39.71309178,0.124322584,0.687842917,,,,,
2.4018,7.167228998,39.71309178,0.124322584,0.687842917,,,,,
2.40192,7.167228998,39.71309178,0.124322584,0.687842917,,,,,
2.40204,7.167228998,39.71309178,0.124322584,0.687842917,,,,,
2.40216,7.167219322,39.71305639,0.12435398,0.688019046,,,,,
2.40228,7.167219322,39.71305639,0.12435398,0.688019046,,,,,
2.4024,7.167219322,39.71305639,0.12435398,0.688019046,,,,,
2.40252,7.167219322,39.71305639,0.12435398,0.688019046,,,,,
2.40264,7.167219322,39.71305639,0.12435398,0.688019046,,,,,
2.40276,7.167219322,39.71305639,0.12435398,0.688019046,,,,,
2.40288,7.167219322,39.71305639,0.12435398,0.688019046,,,,,
2.403,7.167219322,39.71305639,0.12435398,0.688019046,,,,,
2.40312,7.167219322,39.71305639,0.12435398,0.688019046,,,,,
2.40324,7.167833119,39.71299976,0.124406799,0.688313636,,,,,
2.40336,7.167833119,39.71299976,0.124406799,0.688313636,,,,,
2.40348,7.167833119,39.71299976,0.124406799,0.688313636,,,,,
2.4036,7.167833119,39.71299976,0.124406799,0.688313636,,,,,
2.40372,7.167833119,39.71299976,0.124406799,0.688313636,,,,,
2.40384,7.167833119,39.71299976,0.124406799,0.688313636,,,,,
2.40396,7.167833119,39.71299976,0.124406799,0.688313636,,,,,
2.40408,7.167833119,39.71299976,0.124406799,0.688313636,,,,,
2.4042,7.168502763,39.71301992,0.124388009,0.688208664,,,,,
2.40432,7.168502763,39.71301992,0.124388009,0.688208664,,,,,
2.40444,7.168502763,39.71301992,0.124388009,0.688208664,,,,,
2.40456,7.168502763,39.71301992,0.124388009,0.688208664,,,,,
2.40468,7.168502763,39.71301992,0.124388009,0.688208664,,,,,
2.4048,7.168502763,39.71301992,0.124388009,0.688208664,,,,,
2.40492,7.168502763,39.71301992,0.124388009,0.688208664,,,,,
2.40504,7.168502763,39.71301992,0.124388009,0.688208664,,,,,
2.40516,7.168502763,39.71301992,0.124388009,0.688208664,,,,,
2.40528,7.167410691,39.71301178,0.124396523,0.688255425,,,,,
2.4054,7.167410691,39.71301178,0.124396523,0.688255425,,,,,
2.40552,7.167410691,39.71301178,0.124396523,0.688255425,,,,,
2.40564,7.167410691,39.71301178,0.124396523,0.688255425,,,,,
2.40576,7.167410691,39.71301178,0.124396523,0.688255425,,,,,
2.40588,7.167410691,39.71301178,0.124396523,0.688255425,,,,,
2.406,7.167410691,39.71301178,0.124396523,0.688255425,,,,,
2.40612,7.167410691,39.71301178,0.124396523,0.688255425,,,,,
2.40624,7.167410691,39.71301178,0.124396523,0.688255425,,,,,
2.40636,7.168101028,39.71298668,0.124422686,0.688399491,,,,,
2.40648,7.168101028,39.71298668,0.124422686,0.688399491,,,,,
2.4066,7.168101028,39.71298668,0.124422686,0.688399491,,,,,
2.40672,7.168101028,39.71298668,0.124422686,0.688399491,,,,,
2.40684,7.168101028,39.71298668,0.124422686,0.688399491,,,,,
2.40696,7.168101028,39.71298668,0.124422686,0.688399491,,,,,
2.40708,7.168101028,39.71298668,0.124422686,0.688399491,,,,,
2.4072,7.168101028,39.71298668,0.124422686,0.688399491,,,,,
2.40732,7.168289866,39.71301522,0.124393788,0.688239596,,,,,
2.40744,7.168289866,39.71301522,0.124393788,0.688239596,,,,,
2.40756,7.168289866,39.71301522,0.124393788,0.688239596,,,,,
2.40768,7.168289866,39.71301522,0.124393788,0.688239596,,,,,
2.4078,7.168289866,39.71301522,0.124393788,0.688239596,,,,,
2.40792,7.168289866,39.71301522,0.124393788,0.688239596,,,,,
2.40804,7.168289866,39.71301522,0.124393788,0.688239596,,,,,
2.40816,7.168289866,39.71301522,0.124393788,0.688239596,,,,,
2.40828,7.168289866,39.71301522,0.124393788,0.688239596,,,,,
2.4084,7.168014031,39.71302246,0.124385769,0.688195595,,,,,
2.40852,7.168014031,39.71302246,0.124385769,0.688195595,,,,,
2.40864,7.168014031,39.71302246,0.124385769,0.688195595,,,,,
2.40876,7.168014031,39.71302246,0.124385769,0.688195595,,,,,
2.40888,7.168014031,39.71302246,0.124385769,0.688195595,,,,,
2.409,7.168014031,39.71302246,0.124385769,0.688195595,,,,,
2.40912,7.168014031,39.71302246,0.124385769,0.688195595,,,,,
2.40924,7.168014031,39.71302246,0.124385769,0.688195595,,,,,
2.40936,7.168014031,39.71302246,0.124385769,0.688195595,,,,,
2.40948,7.168049689,39.7130189,0.12438854,0.688211391,,,,,
2.4096,7.168049689,39.7130189,0.12438854,0.688211391,,,,,
2.40972,7.168049689,39.7130189,0.12438854,0.688211391,,,,,
2.40984,7.168049689,39.7130189,0.12438854,0.688211391,,,,,
2.40996,7.168049689,39.7130189,0.12438854,0.688211391,,,,,
2.41008,7.168049689,39.7130189,0.12438854,0.688211391,,,,,
2.4102,7.168049689,39.7130189,0.12438854,0.688211391,,,,,
2.41032,7.168049689,39.7130189,0.12438854,0.688211391,,,,,
2.41044,7.16811144,39.71301424,0.124392609,0.688234298,,,,,
2.41056,7.16811144,39.71301424,0.124392609,0.688234298,,,,,
2.41068,7.16811144,39.71301424,0.124392609,0.688234298,,,,,
2.4108,7.16811144,39.71301424,0.124392609,0.688234298,,,,,
2.41092,7.16811144,39.71301424,0.124392609,0.688234298,,,,,
2.41104,7.16811144,39.71301424,0.124392609,0.688234298,,,,,
2.41116,7.16811144,39.71301424,0.124392609,0.688234298,,,,,
2.41128,7.16811144,39.71301424,0.124392609,0.688234298,,,,,
2.4114,7.16811144,39.71301424,0.124392609,0.688234298,,,,,
2.41152,7.168084446,39.7130104,0.124396219,0.688254513,,,,,
2.41164,7.168084446,39.7130104,0.124396219,0.688254513,,,,,
2.41176,7.168084446,39.7130104,0.124396219,0.688254513,,,,,
2.41188,7.168084446,39.7130104,0.124396219,0.688254513,,,,,
2.412,7.168084446,39.7130104,0.124396219,0.688254513,,,,,
2.41212,7.168084446,39.7130104,0.124396219,0.688254513,,,,,
2.41224,7.168084446,39.7130104,0.124396219,0.688254513,,,,,
2.41236,7.168084446,39.7130104,0.124396219,0.688254513,,,,,
2.41248,7.168084446,39.7130104,0.124396219,0.688254513,,,,,
2.4126,7.168136722,39.7130051,0.124401802,0.688285389,,,,,
2.41272,7.168136722,39.7130051,0.124401802,0.688285389,,,,,
2.41284,7.168136722,39.7130051,0.124401802,0.688285389,,,,,
2.41296,7.168136722,39.7130051,0.124401802,0.688285389,,,,,
2.41308,7.168136722,39.7130051,0.124401802,0.688285389,,,,,
2.4132,7.168136722,39.7130051,0.124401802,0.688285389,,,,,
2.41332,7.168136722,39.7130051,0.124401802,0.688285389,,,,,
2.41344,7.168136722,39.7130051,0.124401802,0.688285389,,,,,
2.41356,7.168261829,39.71301559,0.124392475,0.6882332,,,,,
2.41368,7.168261829,39.71301559,0.124392475,0.6882332,,,,,
2.4138,7.168261829,39.71301559,0.124392475,0.6882332,,,,,
2.41392,7.168261829,39.71301559,0.124392475,0.6882332,,,,,
2.41404,7.168261829,39.71301559,0.124392475,0.6882332,,,,,
2.41416,7.168261829,39.71301559,0.124392475,0.6882332,,,,,
2.41428,7.168261829,39.71301559,0.124392475,0.6882332,,,,,
2.4144,7.168261829,39.71301559,0.124392475,0.6882332,,,,,
2.41452,7.168261829,39.71301559,0.124392475,0.6882332,,,,,
2.41464,7.168265821,39.71303769,0.124371551,0.688116813,,,,,
2.41476,7.168265821,39.71303769,0.124371551,0.688116813,,,,,
2.41488,7.168265821,39.71303769,0.124371551,0.688116813,,,,,
2.415,7.168265821,39.71303769,0.124371551,0.688116813,,,,,
2.41512,7.168265821,39.71303769,0.124371551,0.688116813,,,,,
2.41524,7.168265821,39.71303769,0.124371551,0.688116813,,,,,
2.41536,7.168265821,39.71303769,0.124371551,0.688116813,,,,,
2.41548,7.168265821,39.71303769,0.124371551,0.688116813,,,,,
2.4156,7.168265821,39.71303769,0.124371551,0.688116813,,,,,
2.41572,7.168291247,39.7130666,0.124343138,0.687959349,,,,,
2.41584,7.168291247,39.7130666,0.124343138,0.687959349,,,,,
2.41596,7.168291247,39.7130666,0.124343138,0.687959349,,,,,
2.41608,7.168291247,39.7130666,0.124343138,0.687959349,,,,,
2.4162,7.168291247,39.7130666,0.124343138,0.687959349,,,,,
2.41632,7.168291247,39.7130666,0.124343138,0.687959349,,,,,
2.41644,7.168291247,39.7130666,0.124343138,0.687959349,,,,,
2.41656,7.168291247,39.7130666,0.124343138,0.687959349,,,,,
2.41668,7.168213448,39.71309097,0.124318128,0.687821344,,,,,
2.4168,7.168213448,39.71309097,0.124318128,0.687821344,,,,,
2.41692,7.168213448,39.71309097,0.124318128,0.687821344,,,,,
2.41704,7.168213448,39.71309097,0.124318128,0.687821344,,,,,
2.41716,7.168213448,39.71309097,0.124318128,0.687821344,,,,,
2.41728,7.168213448,39.71309097,0.124318128,0.687821344,,,,,
2.4174,7.168213448,39.71309097,0.124318128,0.687821344,,,,,
2.41752,7.168213448,39.71309097,0.124318128,0.687821344,,,,,
2.41764,7.168213448,39.71309097,0.124318128,0.687821344,,,,,
2.41776,7.168268864,39.71310728,0.124300705,0.687725567,,,,,
2.41788,7.168268864,39.71310728,0.124300705,0.687725567,,,,,
2.418,7.168268864,39.71310728,0.124300705,0.687725567,,,,,
2.41812,7.168268864,39.71310728,0.124300705,0.687725567,,,,,
2.41824,7.168268864,39.71310728,0.124300705,0.687725567,,,,,
2.41836,7.168268864,39.71310728,0.124300705,0.687725567,,,,,
2.41848,7.168268864,39.71310728,0.124300705,0.687725567,,,,,
2.4186,7.168268864,39.71310728,0.124300705,0.687725567,,,,,
2.41872,7.168268864,39.71310728,0.124300705,0.687725567,,,,,
2.41884,7.168222998,39.71311299,0.124292071,0.687679482,,,,,
2.41896,7.168222998,39.71311299,0.124292071,0.687679482,,,,,
2.41908,7.168222998,39.71311299,0.124292071,0.687679482,,,,,
2.4192,7.168222998,39.71311299,0.124292071,0.687679482,,,,,
2.41932,7.168222998,39.71311299,0.124292071,0.687679482,,,,,
2.41944,7.168222998,39.71311299,0.124292071,0.687679482,,,,,
2.41956,7.168222998,39.71311299,0.124292071,0.687679482,,,,,
2.41968,7.168222998,39.71311299,0.124292071,0.687679482,,,,,
2.4198,7.168564789,39.71309868,0.124303477,0.687744276,,,,,
2.41992,7.168564789,39.71309868,0.124303477,0.687744276,,,,,
2.42004,7.168564789,39.71309868,0.124303477,0.687744276,,,,,
2.42016,7.168564789,39.71309868,0.124303477,0.687744276,,,,,
2.42028,7.168564789,39.71309868,0.124303477,0.687744276,,,,,
2.4204,7.168564789,39.71309868,0.124303477,0.687744276,,,,,
2.42052,7.168564789,39.71309868,0.124303477,0.687744276,,,,,
2.42064,7.168564789,39.71309868,0.124303477,0.687744276,,,,,
2.42076,7.168564789,39.71309868,0.124303477,0.687744276,,,,,
2.42088,7.168999543,39.71312883,0.124273762,0.687579387,,,,,
2.421,7.168999543,39.71312883,0.124273762,0.687579387,,,,,
2.42112,7.168999543,39.71312883,0.124273762,0.687579387,,,,,
2.42124,7.168999543,39.71312883,0.124273762,0.687579387,,,,,
2.42136,7.168999543,39.71312883,0.124273762,0.687579387,,,,,
2.42148,7.168999543,39.71312883,0.124273762,0.687579387,,,,,
2.4216,7.168999543,39.71312883,0.124273762,0.687579387,,,,,
2.42172,7.168999543,39.71312883,0.124273762,0.687579387,,,,,
2.42184,7.168999543,39.71312883,0.124273762,0.687579387,,,,,
2.42196,7.168247102,39.71313775,0.124264655,0.687528947,,,,,
2.42208,7.168247102,39.71313775,0.124264655,0.687528947,,,,,
2.4222,7.168247102,39.71313775,0.124264655,0.687528947,,,,,
2.42232,7.168247102,39.71313775,0.124264655,0.687528947,,,,,
2.42244,7.168247102,39.71313775,0.124264655,0.687528947,,,,,
2.42256,7.168247102,39.71313775,0.124264655,0.687528947,,,,,
2.42268,7.168247102,39.71313775,0.124264655,0.687528947,,,,,
2.4228,7.168247102,39.71313775,0.124264655,0.687528947,,,,,
2.42292,7.168595963,39.71312681,0.124276044,0.687591585,,,,,
2.42304,7.168595963,39.71312681,0.124276044,0.687591585,,,,,
2.42316,7.168595963,39.71312681,0.124276044,0.687591585,,,,,
2.42328,7.168595963,39.71312681,0.124276044,0.687591585,,,,,
2.4234,7.168595963,39.71312681,0.124276044,0.687591585,,,,,
2.42352,7.168595963,39.71312681,0.124276044,0.687591585,,,,,
2.42364,7.168595963,39.71312681,0.124276044,0.687591585,,,,,
2.42376,7.168595963,39.71312681,0.124276044,0.687591585,,,,,
2.42388,7.168595963,39.71312681,0.124276044,0.687591585,,,,,
2.424,7.168683735,39.71314718,0.124255739,0.687479018,,,,,
2.42412,7.168683735,39.71314718,0.124255739,0.687479018,,,,,
2.42424,7.168683735,39.71314718,0.124255739,0.687479018,,,,,
2.42436,7.168683735,39.71314718,0.124255739,0.687479018,,,,,
2.42448,7.168683735,39.71314718,0.124255739,0.687479018,,,,,
2.4246,7.168683735,39.71314718,0.124255739,0.687479018,,,,,
2.42472,7.168683735,39.71314718,0.124255739,0.687479018,,,,,
2.42484,7.168683735,39.71314718,0.124255739,0.687479018,,,,,
2.42496,7.168683735,39.71314718,0.124255739,0.687479018,,,,,
2.42508,7.168456817,39.71315385,0.124249252,0.687442933,,,,,
2.4252,7.168456817,39.71315385,0.124249252,0.687442933,,,,,
2.42532,7.168456817,39.71315385,0.124249252,0.687442933,,,,,
2.42544,7.168456817,39.71315385,0.124249252,0.687442933,,,,,
2.42556,7.168456817,39.71315385,0.124249252,0.687442933,,,,,
2.42568,7.168456817,39.71315385,0.124249252,0.687442933,,,,,
2.4258,7.168456817,39.71315385,0.124249252,0.687442933,,,,,
2.42592,7.168456817,39.71315385,0.124249252,0.687442933,,,,,
2.42604,7.168456817,39.71315385,0.124249252,0.687442933,,,,,
2.42616,7.168550979,39.71316002,0.124243562,0.687411126,,,,,
2.42628,7.168550979,39.71316002,0.124243562,0.687411126,,,,,
2.4264,7.168550979,39.71316002,0.124243562,0.687411126,,,,,
2.42652,7.168550979,39.71316002,0.124243562,0.687411126,,,,,
2.42664,7.168550979,39.71316002,0.124243562,0.687411126,,,,,
2.42676,7.168550979,39.71316002,0.124243562,0.687411126,,,,,
2.42688,7.168550979,39.71316002,0.124243562,0.687411126,,,,,
2.427,7.168550979,39.71316002,0.124243562,0.687411126,,,,,
2.42712,7.168674216,39.71317819,0.124225746,0.687312321,,,,,
2.42724,7.168674216,39.71317819,0.124225746,0.687312321,,,,,
2.42736,7.168674216,39.71317819,0.124225746,0.687312321,,,,,
2.42748,7.168674216,39.71317819,0.124225746,0.687312321,,,,,
2.4276,7.168674216,39.71317819,0.124225746,0.687312321,,,,,
2.42772,7.168674216,39.71317819,0.124225746,0.687312321,,,,,
2.42784,7.168674216,39.71317819,0.124225746,0.687312321,,,,,
2.42796,7.168674216,39.71317819,0.124225746,0.687312321,,,,,
2.42808,7.168674216,39.71317819,0.124225746,0.687312321,,,,,
2.4282,7.168666492,39.71320179,0.124201937,0.687180741,,,,,
2.42832,7.168666492,39.71320179,0.124201937,0.687180741,,,,,
2.42844,7.168666492,39.71320179,0.124201937,0.687180741,,,,,
2.42856,7.168666492,39.71320179,0.124201937,0.687180741,,,,,
2.42868,7.168666492,39.71320179,0.124201937,0.687180741,,,,,
2.4288,7.168666492,39.71320179,0.124201937,0.687180741,,,,,
2.42892,7.168666492,39.71320179,0.124201937,0.687180741,,,,,
2.42904,7.168666492,39.71320179,0.124201937,0.687180741,,,,,
2.42916,7.168666492,39.71320179,0.124201937,0.687180741,,,,,
2.42928,7.168651939,39.71321773,0.124185049,0.687087936,,,,,
2.4294,7.168651939,39.71321773,0.124185049,0.687087936,,,,,
2.42952,7.168651939,39.71321773,0.124185049,0.687087936,,,,,
2.42964,7.168651939,39.71321773,0.124185049,0.687087936,,,,,
2.42976,7.168651939,39.71321773,0.124185049,0.687087936,,,,,
2.42988,7.168651939,39.71321773,0.124185049,0.687087936,,,,,
2.43,7.168651939,39.71321773,0.124185049,0.687087936,,,,,
2.43012,7.168651939,39.71321773,0.124185049,0.687087936,,,,,
2.43024,7.168653102,39.71322821,0.124173483,0.687024711,,,,,
2.43036,7.168653102,39.71322821,0.124173483,0.687024711,,,,,
2.43048,7.168653102,39.71322821,0.124173483,0.687024711,,,,,
2.4306,7.168653102,39.71322821,0.124173483,0.687024711,,,,,
2.43072,7.168653102,39.71322821,0.124173483,0.687024711,,,,,
2.43084,7.168653102,39.71322821,0.124173483,0.687024711,,,,,
2.43096,7.168653102,39.71322821,0.124173483,0.687024711,,,,,
2.43108,7.168653102,39.71322821,0.124173483,0.687024711,,,,,
2.4312,7.168653102,39.71322821,0.124173483,0.687024711,,,,,
2.43132,7.168583389,39.71322801,0.1241727,0.687021113,,,,,
2.43144,7.168583389,39.71322801,0.1241727,0.687021113,,,,,
2.43156,7.168583389,39.71322801,0.1241727,0.687021113,,,,,
2.43168,7.168583389,39.71322801,0.1241727,0.687021113,,,,,
2.4318,7.168583389,39.71322801,0.1241727,0.687021113,,,,,
2.43192,7.168583389,39.71322801,0.1241727,0.687021113,,,,,
2.43204,7.168583389,39.71322801,0.1241727,0.687021113,,,,,
2.43216,7.168583389,39.71322801,0.1241727,0.687021113,,,,,
2.43228,7.168583389,39.71322801,0.1241727,0.687021113,,,,,
2.4324,7.168597867,39.71322169,0.124178402,0.687053162,,,,,
2.43252,7.168597867,39.71322169,0.124178402,0.687053162,,,,,
2.43264,7.168597867,39.71322169,0.124178402,0.687053162,,,,,
2.43276,7.168597867,39.71322169,0.124178402,0.687053162,,,,,
2.43288,7.168597867,39.71322169,0.124178402,0.687053162,,,,,
2.433,7.168597867,39.71322169,0.124178402,0.687053162,,,,,
2.43312,7.168597867,39.71322169,0.124178402,0.687053162,,,,,
2.43324,7.168597867,39.71322169,0.124178402,0.687053162,,,,,
2.43336,7.168580334,39.71321127,0.124188295,0.687108319,,,,,
2.43348,7.168580334,39.71321127,0.124188295,0.687108319,,,,,
2.4336,7.168580334,39.71321127,0.124188295,0.687108319,,,,,
2.43372,7.168580334,39.71321127,0.124188295,0.687108319,,,,,
2.43384,7.168580334,39.71321127,0.124188295,0.687108319,,,,,
2.43396,7.168580334,39.71321127,0.124188295,0.687108319,,,,,
2.43408,7.168580334,39.71321127,0.124188295,0.687108319,,,,,
2.4342,7.168580334,39.71321127,0.124188295,0.687108319,,,,,
2.43432,7.168580334,39.71321127,0.124188295,0.687108319,,,,,
2.43444,7.168749311,39.71320338,0.124195879,0.68715052,,,,,
2.43456,7.168749311,39.71320338,0.124195879,0.68715052,,,,,
2.43468,7.168749311,39.71320338,0.124195879,0.68715052,,,,,
2.4348,7.168749311,39.71320338,0.124195879,0.68715052,,,,,
2.43492,7.168749311,39.71320338,0.124195879,0.68715052,,,,,
2.43504,7.168749311,39.71320338,0.124195879,0.68715052,,,,,
2.43516,7.168749311,39.71320338,0.124195879,0.68715052,,,,,
2.43528,7.168749311,39.71320338,0.124195879,0.68715052,,,,,
2.4354,7.168749311,39.71320338,0.124195879,0.68715052,,,,,
2.43552,7.168849424,39.71320191,0.124195755,0.687150764,,,,,
2.43564,7.168849424,39.71320191,0.124195755,0.687150764,,,,,
2.43576,7.168849424,39.71320191,0.124195755,0.687150764,,,,,
2.43588,7.168849424,39.71320191,0.124195755,0.687150764,,,,,
2.436,7.168849424,39.71320191,0.124195755,0.687150764,,,,,
2.43612,7.168849424,39.71320191,0.124195755,0.687150764,,,,,
2.43624,7.168849424,39.71320191,0.124195755,0.687150764,,,,,
2.43636,7.168849424,39.71320191,0.124195755,0.687150764,,,,,
2.43648,7.169148949,39.71319475,0.124200885,0.687180316,,,,,
2.4366,7.169148949,39.71319475,0.124200885,0.687180316,,,,,
2.43672,7.169148949,39.71319475,0.124200885,0.687180316,,,,,
2.43684,7.169148949,39.71319475,0.124200885,0.687180316,,,,,
2.43696,7.169148949,39.71319475,0.124200885,0.687180316,,,,,
2.43708,7.169148949,39.71319475,0.124200885,0.687180316,,,,,
2.4372,7.169148949,39.71319475,0.124200885,0.687180316,,,,,
2.43732,7.169148949,39.71319475,0.124200885,0.687180316,,,,,
2.43744,7.169148949,39.71319475,0.124200885,0.687180316,,,,,
2.43756,7.169479859,39.71321772,0.124177446,0.68705073,,,,,
2.43768,7.169479859,39.71321772,0.124177446,0.68705073,,,,,
2.4378,7.169479859,39.71321772,0.124177446,0.68705073,,,,,
2.43792,7.169479859,39.71321772,0.124177446,0.68705073,,,,,
2.43804,7.169479859,39.71321772,0.124177446,0.68705073,,,,,
2.43816,7.169479859,39.71321772,0.124177446,0.68705073,,,,,
2.43828,7.169479859,39.71321772,0.124177446,0.68705073,,,,,
2.4384,7.169479859,39.71321772,0.124177446,0.68705073,,,,,
2.43852,7.169479859,39.71321772,0.124177446,0.68705073,,,,,
2.43864,7.168976917,39.71322071,0.124173105,0.687027388,,,,,
2.43876,7.168976917,39.71322071,0.124173105,0.687027388,,,,,
2.43888,7.168976917,39.71322071,0.124173105,0.687027388,,,,,
2.439,7.168976917,39.71322071,0.124173105,0.687027388,,,,,
2.43912,7.168976917,39.71322071,0.124173105,0.687027388,,,,,
2.43924,7.168976917,39.71322071,0.124173105,0.687027388,,,,,
2.43936,7.168976917,39.71322071,0.124173105,0.687027388,,,,,
2.43948,7.168976917,39.71322071,0.124173105,0.687027388,,,,,
2.4396,7.169233871,39.71320275,0.124190239,0.687122614,,,,,
2.43972,7.169233871,39.71320275,0.124190239,0.687122614,,,,,
2.43984,7.169233871,39.71320275,0.124190239,0.687122614,,,,,
2.43996,7.169233871,39.71320275,0.124190239,0.687122614,,,,,
2.44008,7.169233871,39.71320275,0.124190239,0.687122614,,,,,
2.4402,7.169233871,39.71320275,0.124190239,0.687122614,,,,,
2.44032,7.169233871,39.71320275,0.124190239,0.687122614,,,,,
2.44044,7.169233871,39.71320275,0.124190239,0.687122614,,,,,
2.44056,7.169233871,39.71320275,0.124190239,0.687122614,,,,,
2.44068,7.169362101,39.71320413,0.124188101,0.68711114,,,,,
2.4408,7.169362101,39.71320413,0.124188101,0.68711114,,,,,
2.44092,7.169362101,39.71320413,0.124188101,0.68711114,,,,,
2.44104,7.169362101,39.71320413,0.124188101,0.68711114,,,,,
2.44116,7.169362101,39.71320413,0.124188101,0.68711114,,,,,
2.44128,7.169362101,39.71320413,0.124188101,0.68711114,,,,,
2.4414,7.169362101,39.71320413,0.124188101,0.68711114,,,,,
2.44152,7.169362101,39.71320413,0.124188101,0.68711114,,,,,
2.44164,7.169362101,39.71320413,0.124188101,0.68711114,,,,,
2.44176,7.169206043,39.71319382,0.12419775,0.687164893,,,,,
2.44188,7.169206043,39.71319382,0.12419775,0.687164893,,,,,
2.442,7.169206043,39.71319382,0.12419775,0.687164893,,,,,
2.44212,7.169206043,39.71319382,0.12419775,0.687164893,,,,,
2.44224,7.169206043,39.71319382,0.12419775,0.687164893,,,,,
2.44236,7.169206043,39.71319382,0.12419775,0.687164893,,,,,
2.44248,7.169206043,39.71319382,0.12419775,0.687164893,,,,,
2.4426,7.169206043,39.71319382,0.12419775,0.687164893,,,,,
2.44272,7.169302188,39.71317872,0.124212555,0.687247022,,,,,
2.44284,7.169302188,39.71317872,0.124212555,0.687247022,,,,,
2.44296,7.169302188,39.71317872,0.124212555,0.687247022,,,,,
2.44308,7.169302188,39.71317872,0.124212555,0.687247022,,,,,
2.4432,7.169302188,39.71317872,0.124212555,0.687247022,,,,,
2.44332,7.169302188,39.71317872,0.124212555,0.687247022,,,,,
2.44344,7.169302188,39.71317872,0.124212555,0.687247022,,,,,
2.44356,7.169302188,39.71317872,0.124212555,0.687247022,,,,,
2.44368,7.169302188,39.71317872,0.124212555,0.687247022,,,,,
2.4438,7.169469008,39.7131739,0.124217273,0.687273244,,,,,
2.44392,7.169469008,39.7131739,0.124217273,0.687273244,,,,,
2.44404,7.169469008,39.7131739,0.124217273,0.687273244,,,,,
2.44416,7.169469008,39.7131739,0.124217273,0.687273244,,,,,
2.44428,7.169469008,39.7131739,0.124217273,0.687273244,,,,,
2.4444,7.169469008,39.7131739,0.124217273,0.687273244,,,,,
2.44452,7.169469008,39.7131739,0.124217273,0.687273244,,,,,
2.44464,7.169469008,39.7131739,0.124217273,0.687273244,,,,,
2.44476,7.169469008,39.7131739,0.124217273,0.687273244,,,,,
2.44488,7.169521046,39.71317749,0.124213535,0.687252727,,,,,
2.445,7.169521046,39.71317749,0.124213535,0.687252727,,,,,
2.44512,7.169521046,39.71317749,0.124213535,0.687252727,,,,,
2.44524,7.169521046,39.71317749,0.124213535,0.687252727,,,,,
2.44536,7.169521046,39.71317749,0.124213535,0.687252727,,,,,
2.44548,7.169521046,39.71317749,0.124213535,0.687252727,,,,,
2.4456,7.169521046,39.71317749,0.124213535,0.687252727,,,,,
2.44572,7.169521046,39.71317749,0.124213535,0.687252727,,,,,
2.44584,7.169549364,39.71318076,0.12420995,0.687233199,,,,,
2.44596,7.169549364,39.71318076,0.12420995,0.687233199,,,,,
2.44608,7.169549364,39.71318076,0.12420995,0.687233199,,,,,
2.4462,7.169549364,39.71318076,0.12420995,0.687233199,,,,,
2.44632,7.169549364,39.71318076,0.12420995,0.687233199,,,,,
2.44644,7.169549364,39.71318076,0.12420995,0.687233199,,,,,
2.44656,7.169549364,39.71318076,0.12420995,0.687233199,,,,,
2.44668,7.169549364,39.71318076,0.12420995,0.687233199,,,,,
2.4468,7.169549364,39.71318076,0.12420995,0.687233199,,,,,
2.44692,7.169628962,39.71318732,0.124203181,0.687196004,,,,,
2.44704,7.169628962,39.71318732,0.124203181,0.687196004,,,,,
2.44716,7.169628962,39.71318732,0.124203181,0.687196004,,,,,
2.44728,7.169628962,39.71318732,0.124203181,0.687196004,,,,,
2.4474,7.169628962,39.71318732,0.124203181,0.687196004,,,,,
2.44752,7.169628962,39.71318732,0.124203181,0.687196004,,,,,
2.44764,7.169628962,39.71318732,0.124203181,0.687196004,,,,,
2.44776,7.169628962,39.71318732,0.124203181,0.687196004,,,,,
2.44788,7.169628962,39.71318732,0.124203181,0.687196004,,,,,
2.448,7.169694834,39.71319785,0.124192481,0.687137002,,,,,
2.44812,7.169694834,39.71319785,0.124192481,0.687137002,,,,,
2.44824,7.169694834,39.71319785,0.124192481,0.687137002,,,,,
2.44836,7.169694834,39.71319785,0.124192481,0.687137002,,,,,
2.44848,7.169694834,39.71319785,0.124192481,0.687137002,,,,,
2.4486,7.169694834,39.71319785,0.124192481,0.687137002,,,,,
2.44872,7.169694834,39.71319785,0.124192481,0.687137002,,,,,
2.44884,7.169694834,39.71319785,0.124192481,0.687137002,,,,,
2.44896,7.169766862,39.71321322,0.124176774,0.687050367,,,,,
2.44908,7.169766862,39.71321322,0.124176774,0.687050367,,,,,
2.4492,7.169766862,39.71321322,0.124176774,0.687050367,,,,,
2.44932,7.169766862,39.71321322,0.124176774,0.687050367,,,,,
2.44944,7.169766862,39.71321322,0.124176774,0.687050367,,,,,
2.44956,7.169766862,39.71321322,0.124176774,0.687050367,,,,,
2.44968,7.169766862,39.71321322,0.124176774,0.687050367,,,,,
2.4498,7.169766862,39.71321322,0.124176774,0.687050367,,,,,
2.44992,7.169766862,39.71321322,0.124176774,0.687050367,,,,,
2.45004,7.169683893,39.71322275,0.124166259,0.686992844,,,,,
2.45016,7.169683893,39.71322275,0.124166259,0.686992844,,,,,
2.45028,7.169683893,39.71322275,0.124166259,0.686992844,,,,,
2.4504,7.169683893,39.71322275,0.124166259,0.686992844,,,,,
2.45052,7.169683893,39.71322275,0.124166259,0.686992844,,,,,
2.45064,7.169683893,39.71322275,0.124166259,0.686992844,,,,,
2.45076,7.169683893,39.71322275,0.124166259,0.686992844,,,,,
2.45088,7.169683893,39.71322275,0.124166259,0.686992844,,,,,
2.451,7.169683893,39.71322275,0.124166259,0.686992844,,,,,
2.45112,7.169718565,39.71322049,0.124167245,0.686999108,,,,,
2.45124,7.169718565,39.71322049,0.124167245,0.686999108,,,,,
2.45136,7.169718565,39.71322049,0.124167245,0.686999108,,,,,
2.45148,7.169718565,39.71322049,0.124167245,0.686999108,,,,,
2.4516,7.169718565,39.71322049,0.124167245,0.686999108,,,,,
2.45172,7.169718565,39.71322049,0.124167245,0.686999108,,,,,
2.45184,7.169718565,39.71322049,0.124167245,0.686999108,,,,,
2.45196,7.169718565,39.71322049,0.124167245,0.686999108,,,,,
2.45208,7.169718565,39.71322049,0.124167245,0.686999108,,,,,
2.4522,7.169777079,39.71321281,0.124172939,0.687031828,,,,,
2.45232,7.169777079,39.71321281,0.124172939,0.687031828,,,,,
2.45244,7.169777079,39.71321281,0.124172939,0.687031828,,,,,
2.45256,7.169777079,39.71321281,0.124172939,0.687031828,,,,,
2.45268,7.169777079,39.71321281,0.124172939,0.687031828,,,,,
2.4528,7.169777079,39.71321281,0.124172939,0.687031828,,,,,
2.45292,7.169777079,39.71321281,0.124172939,0.687031828,,,,,
2.45304,7.169777079,39.71321281,0.124172939,0.687031828,,,,,
2.45316,7.169993716,39.71319814,0.124186005,0.687105094,,,,,
2.45328,7.169993716,39.71319814,0.124186005,0.687105094,,,,,
2.4534,7.169993716,39.71319814,0.124186005,0.687105094,,,,,
2.45352,7.169993716,39.71319814,0.124186005,0.687105094,,,,,
2.45364,7.169993716,39.71319814,0.124186005,0.687105094,,,,,
2.45376,7.169993716,39.71319814,0.124186005,0.687105094,,,,,
2.45388,7.169993716,39.71319814,0.124186005,0.687105094,,,,,
2.454,7.169993716,39.71319814,0.124186005,0.687105094,,,,,
2.45412,7.169993716,39.71319814,0.124186005,0.687105094,,,,,
2.45424,7.170249127,39.71320799,0.12417641,0.687051687,,,,,
2.45436,7.170249127,39.71320799,0.12417641,0.687051687,,,,,
2.45448,7.170249127,39.71320799,0.12417641,0.687051687,,,,,
2.4546,7.170249127,39.71320799,0.12417641,0.687051687,,,,,
2.45472,7.170249127,39.71320799,0.12417641,0.687051687,,,,,
2.45484,7.170249127,39.71320799,0.12417641,0.687051687,,,,,
2.45496,7.170249127,39.71320799,0.12417641,0.687051687,,,,,
2.45508,7.170249127,39.71320799,0.12417641,0.687051687,,,,,
2.4552,7.170249127,39.71320799,0.12417641,0.687051687,,,,,
2.45532,7.169946851,39.71321346,0.124171142,0.687022263,,,,,
2.45544,7.169946851,39.71321346,0.124171142,0.687022263,,,,,
2.45556,7.169946851,39.71321346,0.124171142,0.687022263,,,,,
2.45568,7.169946851,39.71321346,0.124171142,0.687022263,,,,,
2.4558,7.169946851,39.71321346,0.124171142,0.687022263,,,,,
2.45592,7.169946851,39.71321346,0.124171142,0.687022263,,,,,
2.45604,7.169946851,39.71321346,0.124171142,0.687022263,,,,,
2.45616,7.169946851,39.71321346,0.124171142,0.687022263,,,,,
2.45628,7.170194842,39.71321695,0.124168288,0.687005938,,,,,
2.4564,7.170194842,39.71321695,0.124168288,0.687005938,,,,,
2.45652,7.170194842,39.71321695,0.124168288,0.687005938,,,,,
2.45664,7.170194842,39.71321695,0.124168288,0.687005938,,,,,
2.45676,7.170194842,39.71321695,0.124168288,0.687005938,,,,,
2.45688,7.170194842,39.71321695,0.124168288,0.687005938,,,,,
2.457,7.170194842,39.71321695,0.124168288,0.687005938,,,,,
2.45712,7.170194842,39.71321695,0.124168288,0.687005938,,,,,
2.45724,7.170194842,39.71321695,0.124168288,0.687005938,,,,,
2.45736,7.170310861,39.71324515,0.124140415,0.686851321,,,,,
2.45748,7.170310861,39.71324515,0.124140415,0.686851321,,,,,
2.4576,7.170310861,39.71324515,0.124140415,0.686851321,,,,,
2.45772,7.170310861,39.71324515,0.124140415,0.686851321,,,,,
2.45784,7.170310861,39.71324515,0.124140415,0.686851321,,,,,
2.45796,7.170310861,39.71324515,0.124140415,0.686851321,,,,,
2.45808,7.170310861,39.71324515,0.124140415,0.686851321,,,,,
2.4582,7.170310861,39.71324515,0.124140415,0.686851321,,,,,
2.45832,7.170310861,39.71324515,0.124140415,0.686851321,,,,,
2.45844,7.170086405,39.71326468,0.124120638,0.686741925,,,,,
2.45856,7.170086405,39.71326468,0.124120638,0.686741925,,,,,
2.45868,7.170086405,39.71326468,0.124120638,0.686741925,,,,,
2.4588,7.170086405,39.71326468,0.124120638,0.686741925,,,,,
2.45892,7.170086405,39.71326468,0.124120638,0.686741925,,,,,
2.45904,7.170086405,39.71326468,0.124120638,0.686741925,,,,,
2.45916,7.170086405,39.71326468,0.124120638,0.686741925,,,,,
2.45928,7.170086405,39.71326468,0.124120638,0.686741925,,,,,
2.4594,7.170035541,39.7132699,0.124115023,0.686711079,,,,,
2.45952,7.170035541,39.7132699,0.124115023,0.686711079,,,,,
2.45964,7.170035541,39.7132699,0.124115023,0.686711079,,,,,
2.45976,7.170035541,39.7132699,0.124115023,0.686711079,,,,,
2.45988,7.170035541,39.7132699,0.124115023,0.686711079,,,,,
2.46,7.170035541,39.7132699,0.124115023,0.686711079,,,,,
2.46012,7.170035541,39.7132699,0.124115023,0.686711079,,,,,
2.46024,7.170035541,39.7132699,0.124115023,0.686711079,,,,,
2.46036,7.170035541,39.7132699,0.124115023,0.686711079,,,,,
2.46048,7.170126939,39.71327552,0.12410905,0.686678261,,,,,
2.4606,7.170126939,39.71327552,0.12410905,0.686678261,,,,,
2.46072,7.170126939,39.71327552,0.12410905,0.686678261,,,,,
2.46084,7.170126939,39.71327552,0.12410905,0.686678261,,,,,
2.46096,7.170126939,39.71327552,0.12410905,0.686678261,,,,,
2.46108,7.170126939,39.71327552,0.12410905,0.686678261,,,,,
2.4612,7.170126939,39.71327552,0.12410905,0.686678261,,,,,
2.46132,7.170126939,39.71327552,0.12410905,0.686678261,,,,,
2.46144,7.170126939,39.71327552,0.12410905,0.686678261,,,,,
2.46156,7.170136412,39.7132844,0.124099947,0.686628096,,,,,
2.46168,7.170136412,39.7132844,0.124099947,0.686628096,,,,,
2.4618,7.170136412,39.7132844,0.124099947,0.686628096,,,,,
2.46192,7.170136412,39.7132844,0.124099947,0.686628096,,,,,
2.46204,7.170136412,39.7132844,0.124099947,0.686628096,,,,,
2.46216,7.170136412,39.7132844,0.124099947,0.686628096,,,,,
2.46228,7.170136412,39.7132844,0.124099947,0.686628096,,,,,
2.4624,7.170136412,39.7132844,0.124099947,0.686628096,,,,,
2.46252,7.17010696,39.71329058,0.124093715,0.686593748,,,,,
2.46264,7.17010696,39.71329058,0.124093715,0.686593748,,,,,
2.46276,7.17010696,39.71329058,0.124093715,0.686593748,,,,,
2.46288,7.17010696,39.71329058,0.124093715,0.686593748,,,,,
2.463,7.17010696,39.71329058,0.124093715,0.686593748,,,,,
2.46312,7.17010696,39.71329058,0.124093715,0.686593748,,,,,
2.46324,7.17010696,39.71329058,0.124093715,0.686593748,,,,,
2.46336,7.17010696,39.71329058,0.124093715,0.686593748,,,,,
2.46348,7.17010696,39.71329058,0.124093715,0.686593748,,,,,
2.4636,7.170127662,39.71329763,0.124086813,0.686555577,,,,,
2.46372,7.170127662,39.71329763,0.124086813,0.686555577,,,,,
2.46384,7.170127662,39.71329763,0.124086813,0.686555577,,,,,
2.46396,7.170127662,39.71329763,0.124086813,0.686555577,,,,,
2.46408,7.170127662,39.71329763,0.124086813,0.686555577,,,,,
2.4642,7.170127662,39.71329763,0.124086813,0.686555577,,,,,
2.46432,7.170127662,39.71329763,0.124086813,0.686555577,,,,,
2.46444,7.170127662,39.71329763,0.124086813,0.686555577,,,,,
2.46456,7.170127662,39.71329763,0.124086813,0.686555577,,,,,
2.46468,7.170148819,39.71330743,0.124077232,0.686502538,,,,,
2.4648,7.170148819,39.71330743,0.124077232,0.686502538,,,,,
2.46492,7.170148819,39.71330743,0.124077232,0.686502538,,,,,
2.46504,7.170148819,39.71330743,0.124077232,0.686502538,,,,,
2.46516,7.170148819,39.71330743,0.124077232,0.686502538,,,,,
2.46528,7.170148819,39.71330743,0.124077232,0.686502538,,,,,
2.4654,7.170148819,39.71330743,0.124077232,0.686502538,,,,,
2.46552,7.170148819,39.71330743,0.124077232,0.686502538,,,,,
2.46564,7.170185983,39.71332196,0.124062933,0.686423347,,,,,
2.46576,7.170185983,39.71332196,0.124062933,0.686423347,,,,,
2.46588,7.170185983,39.71332196,0.124062933,0.686423347,,,,,
2.466,7.170185983,39.71332196,0.124062933,0.686423347,,,,,
2.46612,7.170185983,39.71332196,0.124062933,0.686423347,,,,,
2.46624,7.170185983,39.71332196,0.124062933,0.686423347,,,,,
2.46636,7.170185983,39.71332196,0.124062933,0.686423347,,,,,
2.46648,7.170185983,39.71332196,0.124062933,0.686423347,,,,,
2.4666,7.170185983,39.71332196,0.124062933,0.686423347,,,,,
2.46672,7.170067623,39.71333356,0.12405117,0.686358392,,,,,
2.46684,7.170067623,39.71333356,0.12405117,0.686358392,,,,,
2.46696,7.170067623,39.71333356,0.12405117,0.686358392,,,,,
2.46708,7.170067623,39.71333356,0.12405117,0.686358392,,,,,
2.4672,7.170067623,39.71333356,0.12405117,0.686358392,,,,,
2.46732,7.170067623,39.71333356,0.12405117,0.686358392,,,,,
2.46744,7.170067623,39.71333356,0.12405117,0.686358392,,,,,
2.46756,7.170067623,39.71333356,0.12405117,0.686358392,,,,,
2.46768,7.170067623,39.71333356,0.12405117,0.686358392,,,,,
2.4678,7.170041996,39.71333522,0.124049135,0.686347375,,,,,
2.46792,7.170041996,39.71333522,0.124049135,0.686347375,,,,,
2.46804,7.170041996,39.71333522,0.124049135,0.686347375,,,,,
2.46816,7.170041996,39.71333522,0.124049135,0.686347375,,,,,
2.46828,7.170041996,39.71333522,0.124049135,0.686347375,,,,,
2.4684,7.170041996,39.71333522,0.124049135,0.686347375,,,,,
2.46852,7.170041996,39.71333522,0.124049135,0.686347375,,,,,
2.46864,7.170041996,39.71333522,0.124049135,0.686347375,,,,,
2.46876,7.170108468,39.71333509,0.124048182,0.68634275,,,,,
2.46888,7.170108468,39.71333509,0.124048182,0.68634275,,,,,
2.469,7.170108468,39.71333509,0.124048182,0.68634275,,,,,
2.46912,7.170108468,39.71333509,0.124048182,0.68634275,,,,,
2.46924,7.170108468,39.71333509,0.124048182,0.68634275,,,,,
2.46936,7.170108468,39.71333509,0.124048182,0.68634275,,,,,
2.46948,7.170108468,39.71333509,0.124048182,0.68634275,,,,,
2.4696,7.170108468,39.71333509,0.124048182,0.68634275,,,,,
2.46972,7.170108468,39.71333509,0.124048182,0.68634275,,,,,
2.46984,7.170283418,39.71333225,0.124049782,0.6863523,,,,,
2.46996,7.170283418,39.71333225,0.124049782,0.6863523,,,,,
2.47008,7.170283418,39.71333225,0.124049782,0.6863523,,,,,
2.4702,7.170283418,39.71333225,0.124049782,0.6863523,,,,,
2.47032,7.170283418,39.71333225,0.124049782,0.6863523,,,,,
2.47044,7.170283418,39.71333225,0.124049782,0.6863523,,,,,
2.47056,7.170283418,39.71333225,0.124049782,0.6863523,,,,,
2.47068,7.170283418,39.71333225,0.124049782,0.6863523,,,,,
2.4708,7.170283418,39.71333225,0.124049782,0.6863523,,,,,
2.47092,7.170432566,39.7133444,0.124037349,0.686283539,,,,,
2.47104,7.170432566,39.7133444,0.124037349,0.686283539,,,,,
2.47116,7.170432566,39.7133444,0.124037349,0.686283539,,,,,
2.47128,7.170432566,39.7133444,0.124037349,0.686283539,,,,,
2.4714,7.170432566,39.7133444,0.124037349,0.686283539,,,,,
2.47152,7.170432566,39.7133444,0.124037349,0.686283539,,,,,
2.47164,7.170432566,39.7133444,0.124037349,0.686283539,,,,,
2.47176,7.170432566,39.7133444,0.124037349,0.686283539,,,,,
2.47188,7.170132063,39.71334331,0.124037713,0.68628588,,,,,
2.472,7.170132063,39.71334331,0.124037713,0.68628588,,,,,
2.47212,7.170132063,39.71334331,0.124037713,0.68628588,,,,,
2.47224,7.170132063,39.71334331,0.124037713,0.68628588,,,,,
2.47236,7.170132063,39.71334331,0.124037713,0.68628588,,,,,
2.47248,7.170132063,39.71334331,0.124037713,0.68628588,,,,,
2.4726,7.170132063,39.71334331,0.124037713,0.68628588,,,,,
2.47272,7.170132063,39.71334331,0.124037713,0.68628588,,,,,
2.47284,7.170132063,39.71334331,0.124037713,0.68628588,,,,,
2.47296,7.170248322,39.71332867,0.124051934,0.686364738,,,,,
2.47308,7.170248322,39.71332867,0.124051934,0.686364738,,,,,
2.4732,7.170248322,39.71332867,0.124051934,0.686364738,,,,,
2.47332,7.170248322,39.71332867,0.124051934,0.686364738,,,,,
2.47344,7.170248322,39.71332867,0.124051934,0.686364738,,,,,
2.47356,7.170248322,39.71332867,0.124051934,0.686364738,,,,,
2.47368,7.170248322,39.71332867,0.124051934,0.686364738,,,,,
2.4738,7.170248322,39.71332867,0.124051934,0.686364738,,,,,
2.47392,7.170248322,39.71332867,0.124051934,0.686364738,,,,,
2.47404,7.170333549,39.71332569,0.124054802,0.686380584,,,,,
2.47416,7.170333549,39.71332569,0.124054802,0.686380584,,,,,
2.47428,7.170333549,39.71332569,0.124054802,0.686380584,,,,,
2.4744,7.170333549,39.71332569,0.124054802,0.686380584,,,,,
2.47452,7.170333549,39.71332569,0.124054802,0.686380584,,,,,
2.47464,7.170333549,39.71332569,0.124054802,0.686380584,,,,,
2.47476,7.170333549,39.71332569,0.124054802,0.686380584,,,,,
2.47488,7.170333549,39.71332569,0.124054802,0.686380584,,,,,
2.475,7.170178065,39.71331792,0.124062639,0.68642387,,,,,
2.47512,7.170178065,39.71331792,0.124062639,0.68642387,,,,,
2.47524,7.170178065,39.71331792,0.124062639,0.68642387,,,,,
2.47536,7.170178065,39.71331792,0.124062639,0.68642387,,,,,
2.47548,7.170178065,39.71331792,0.124062639,0.68642387,,,,,
2.4756,7.170178065,39.71331792,0.124062639,0.68642387,,,,,
2.47572,7.170178065,39.71331792,0.124062639,0.68642387,,,,,
2.47584,7.170178065,39.71331792,0.124062639,0.68642387,,,,,
2.47596,7.170178065,39.71331792,0.124062639,0.68642387,,,,,
2.47608,7.170141505,39.71330247,0.124078375,0.686510783,,,,,
2.4762,7.170141505,39.71330247,0.124078375,0.686510783,,,,,
2.47632,7.170141505,39.71330247,0.124078375,0.686510783,,,,,
2.47644,7.170141505,39.71330247,0.124078375,0.686510783,,,,,
2.47656,7.170141505,39.71330247,0.124078375,0.686510783,,,,,
2.47668,7.170141505,39.71330247,0.124078375,0.686510783,,,,,
2.4768,7.170141505,39.71330247,0.124078375,0.686510783,,,,,
2.47692,7.170141505,39.71330247,0.124078375,0.686510783,,,,,
2.47704,7.170141505,39.71330247,0.124078375,0.686510783,,,,,
2.47716,7.170293157,39.71329485,0.124086354,0.686554764,,,,,
2.47728,7.170293157,39.71329485,0.124086354,0.686554764,,,,,
2.4774,7.170293157,39.71329485,0.124086354,0.686554764,,,,,
2.47752,7.170293157,39.71329485,0.124086354,0.686554764,,,,,
2.47764,7.170293157,39.71329485,0.124086354,0.686554764,,,,,
2.47776,7.170293157,39.71329485,0.124086354,0.686554764,,,,,
2.47788,7.170293157,39.71329485,0.124086354,0.686554764,,,,,
2.478,7.170293157,39.71329485,0.124086354,0.686554764,,,,,
2.47812,7.170293157,39.71329485,0.124086354,0.686554764,,,,,
2.47824,7.170376362,39.7132985,0.124082726,0.686534759,,,,,
2.47836,7.170376362,39.7132985,0.124082726,0.686534759,,,,,
2.47848,7.170376362,39.7132985,0.124082726,0.686534759,,,,,
2.4786,7.170376362,39.7132985,0.124082726,0.686534759,,,,,
2.47872,7.170376362,39.7132985,0.124082726,0.686534759,,,,,
2.47884,7.170376362,39.7132985,0.124082726,0.686534759,,,,,
2.47896,7.170376362,39.7132985,0.124082726,0.686534759,,,,,
2.47908,7.170376362,39.7132985,0.124082726,0.686534759,,,,,
2.4792,7.170356103,39.71330162,0.124079137,0.686515295,,,,,
2.47932,7.170356103,39.71330162,0.124079137,0.686515295,,,,,
2.47944,7.170356103,39.71330162,0.124079137,0.686515295,,,,,
2.47956,7.170356103,39.71330162,0.124079137,0.686515295,,,,,
2.47968,7.170356103,39.71330162,0.124079137,0.686515295,,,,,
2.4798,7.170356103,39.71330162,0.124079137,0.686515295,,,,,
2.47992,7.170356103,39.71330162,0.124079137,0.686515295,,,,,
2.48004,7.170356103,39.71330162,0.124079137,0.686515295,,,,,
2.48016,7.170356103,39.71330162,0.124079137,0.686515295,,,,,
2.48028,7.170324758,39.71329772,0.124082252,0.686533176,,,,,
2.4804,7.170324758,39.71329772,0.124082252,0.686533176,,,,,
2.48052,7.170324758,39.71329772,0.124082252,0.686533176,,,,,
2.48064,7.170324758,39.71329772,0.124082252,0.686533176,,,,,
2.48076,7.170324758,39.71329772,0.124082252,0.686533176,,,,,
2.48088,7.170324758,39.71329772,0.124082252,0.686533176,,,,,
2.481,7.170324758,39.71329772,0.124082252,0.686533176,,,,,
2.48112,7.170324758,39.71329772,0.124082252,0.686533176,,,,,
2.48124,7.170324758,39.71329772,0.124082252,0.686533176,,,,,
2.48136,7.170327907,39.7132863,0.124092816,0.686592336,,,,,
2.48148,7.170327907,39.7132863,0.124092816,0.686592336,,,,,
2.4816,7.170327907,39.7132863,0.124092816,0.686592336,,,,,
2.48172,7.170327907,39.7132863,0.124092816,0.686592336,,,,,
2.48184,7.170327907,39.7132863,0.124092816,0.686592336,,,,,
2.48196,7.170327907,39.7132863,0.124092816,0.686592336,,,,,
2.48208,7.170327907,39.7132863,0.124092816,0.686592336,,,,,
2.4822,7.170327907,39.7132863,0.124092816,0.686592336,,,,,
2.48232,7.170401183,39.7132736,0.124104923,0.686659835,,,,,
2.48244,7.170401183,39.7132736,0.124104923,0.686659835,,,,,
2.48256,7.170401183,39.7132736,0.124104923,0.686659835,,,,,
2.48268,7.170401183,39.7132736,0.124104923,0.686659835,,,,,
2.4828,7.170401183,39.7132736,0.124104923,0.686659835,,,,,
2.48292,7.170401183,39.7132736,0.124104923,0.686659835,,,,,
2.48304,7.170401183,39.7132736,0.124104923,0.686659835,,,,,
2.48316,7.170401183,39.7132736,0.124104923,0.686659835,,,,,
2.48328,7.170401183,39.7132736,0.124104923,0.686659835,,,,,
2.4834,7.170356514,39.71325969,0.124118352,0.686734546,,,,,
2.48352,7.170356514,39.71325969,0.124118352,0.686734546,,,,,
2.48364,7.170356514,39.71325969,0.124118352,0.686734546,,,,,
2.48376,7.170356514,39.71325969,0.124118352,0.686734546,,,,,
2.48388,7.170356514,39.71325969,0.124118352,0.686734546,,,,,
2.484,7.170356514,39.71325969,0.124118352,0.686734546,,,,,
2.48412,7.170356514,39.71325969,0.124118352,0.686734546,,,,,
2.48424,7.170356514,39.71325969,0.124118352,0.686734546,,,,,
2.48436,7.170356514,39.71325969,0.124118352,0.686734546,,,,,
2.48448,7.17032589,39.71323768,0.12414,0.686854636,,,,,
2.4846,7.17032589,39.71323768,0.12414,0.686854636,,,,,
2.48472,7.17032589,39.71323768,0.12414,0.686854636,,,,,
2.48484,7.17032589,39.71323768,0.12414,0.686854636,,,,,
2.48496,7.17032589,39.71323768,0.12414,0.686854636,,,,,
2.48508,7.17032589,39.71323768,0.12414,0.686854636,,,,,
2.4852,7.17032589,39.71323768,0.12414,0.686854636,,,,,
2.48532,7.17032589,39.71323768,0.12414,0.686854636,,,,,
2.48544,7.170437769,39.71321584,0.12416111,0.686971933,,,,,
2.48556,7.170437769,39.71321584,0.12416111,0.686971933,,,,,
2.48568,7.170437769,39.71321584,0.12416111,0.686971933,,,,,
2.4858,7.170437769,39.71321584,0.12416111,0.686971933,,,,,
2.48592,7.170437769,39.71321584,0.12416111,0.686971933,,,,,
2.48604,7.170437769,39.71321584,0.12416111,0.686971933,,,,,
2.48616,7.170437769,39.71321584,0.12416111,0.686971933,,,,,
2.48628,7.170437769,39.71321584,0.12416111,0.686971933,,,,,
2.4864,7.170437769,39.71321584,0.12416111,0.686971933,,,,,
2.48652,7.170667759,39.71319915,0.124176968,0.687060171,,,,,
2.48664,7.170667759,39.71319915,0.124176968,0.687060171,,,,,
2.48676,7.170667759,39.71319915,0.124176968,0.687060171,,,,,
2.48688,7.170667759,39.71319915,0.124176968,0.687060171,,,,,
2.487,7.170667759,39.71319915,0.124176968,0.687060171,,,,,
2.48712,7.170667759,39.71319915,0.124176968,0.687060171,,,,,
2.48724,7.170667759,39.71319915,0.124176968,0.687060171,,,,,
2.48736,7.170667759,39.71319915,0.124176968,0.687060171,,,,,
2.48748,7.170667759,39.71319915,0.124176968,0.687060171,,,,,
2.4876,7.170836985,39.71320033,0.124175635,0.68705278,,,,,
2.48772,7.170836985,39.71320033,0.124175635,0.68705278,,,,,
2.48784,7.170836985,39.71320033,0.124175635,0.68705278,,,,,
2.48796,7.170836985,39.71320033,0.124175635,0.68705278,,,,,
2.48808,7.170836985,39.71320033,0.124175635,0.68705278,,,,,
2.4882,7.170836985,39.71320033,0.124175635,0.68705278,,,,,
2.48832,7.170836985,39.71320033,0.124175635,0.68705278,,,,,
2.48844,7.170836985,39.71320033,0.124175635,0.68705278,,,,,
2.48856,7.170616941,39.7131935,0.124181915,0.687087763,,,,,
2.48868,7.170616941,39.7131935,0.124181915,0.687087763,,,,,
2.4888,7.170616941,39.7131935,0.124181915,0.687087763,,,,,
2.48892,7.170616941,39.7131935,0.124181915,0.687087763,,,,,
2.48904,7.170616941,39.7131935,0.124181915,0.687087763,,,,,
2.48916,7.170616941,39.7131935,0.124181915,0.687087763,,,,,
2.48928,7.170616941,39.7131935,0.124181915,0.687087763,,,,,
2.4894,7.170616941,39.7131935,0.124181915,0.687087763,,,,,
2.48952,7.170616941,39.7131935,0.124181915,0.687087763,,,,,
2.48964,7.170751427,39.71317794,0.124197124,0.687172052,,,,,
2.48976,7.170751427,39.71317794,0.124197124,0.687172052,,,,,
2.48988,7.170751427,39.71317794,0.124197124,0.687172052,,,,,
2.49,7.170751427,39.71317794,0.124197124,0.687172052,,,,,
2.49012,7.170751427,39.71317794,0.124197124,0.687172052,,,,,
2.49024,7.170751427,39.71317794,0.124197124,0.687172052,,,,,
2.49036,7.170751427,39.71317794,0.124197124,0.687172052,,,,,
2.49048,7.170751427,39.71317794,0.124197124,0.687172052,,,,,
2.4906,7.170751427,39.71317794,0.124197124,0.687172052,,,,,
2.49072,7.170883231,39.71317501,0.124199809,0.687186982,,,,,
2.49084,7.170883231,39.71317501,0.124199809,0.687186982,,,,,
2.49096,7.170883231,39.71317501,0.124199809,0.687186982,,,,,
2.49108,7.170883231,39.71317501,0.124199809,0.687186982,,,,,
2.4912,7.170883231,39.71317501,0.124199809,0.687186982,,,,,
2.49132,7.170883231,39.71317501,0.124199809,0.687186982,,,,,
2.49144,7.170883231,39.71317501,0.124199809,0.687186982,,,,,
2.49156,7.170883231,39.71317501,0.124199809,0.687186982,,,,,
2.49168,7.170779947,39.71317016,0.124204348,0.687212242,,,,,
2.4918,7.170779947,39.71317016,0.124204348,0.687212242,,,,,
2.49192,7.170779947,39.71317016,0.124204348,0.687212242,,,,,
2.49204,7.170779947,39.71317016,0.124204348,0.687212242,,,,,
2.49216,7.170779947,39.71317016,0.124204348,0.687212242,,,,,
2.49228,7.170779947,39.71317016,0.124204348,0.687212242,,,,,
2.4924,7.170779947,39.71317016,0.124204348,0.687212242,,,,,
2.49252,7.170779947,39.71317016,0.124204348,0.687212242,,,,,
2.49264,7.170779947,39.71317016,0.124204348,0.687212242,,,,,
2.49276,7.170672945,39.7131536,0.124220694,0.687302853,,,,,
2.49288,7.170672945,39.7131536,0.124220694,0.687302853,,,,,
2.493,7.170672945,39.7131536,0.124220694,0.687302853,,,,,
2.49312,7.170672945,39.7131536,0.124220694,0.687302853,,,,,
2.49324,7.170672945,39.7131536,0.124220694,0.687302853,,,,,
2.49336,7.170672945,39.7131536,0.124220694,0.687302853,,,,,
2.49348,7.170672945,39.7131536,0.124220694,0.687302853,,,,,
2.4936,7.170672945,39.7131536,0.124220694,0.687302853,,,,,
2.49372,7.170672945,39.7131536,0.124220694,0.687302853,,,,,
2.49384,7.170776172,39.71313638,0.124237943,0.687398362,,,,,
2.49396,7.170776172,39.71313638,0.124237943,0.687398362,,,,,
2.49408,7.170776172,39.71313638,0.124237943,0.687398362,,,,,
2.4942,7.170776172,39.71313638,0.124237943,0.687398362,,,,,
2.49432,7.170776172,39.71313638,0.124237943,0.687398362,,,,,
2.49444,7.170776172,39.71313638,0.124237943,0.687398362,,,,,
2.49456,7.170776172,39.71313638,0.124237943,0.687398362,,,,,
2.49468,7.170776172,39.71313638,0.124237943,0.687398362,,,,,
2.4948,7.17088988,39.7131295,0.124244875,0.68743678,,,,,
2.49492,7.17088988,39.7131295,0.124244875,0.68743678,,,,,
2.49504,7.17088988,39.7131295,0.124244875,0.68743678,,,,,
2.49516,7.17088988,39.7131295,0.124244875,0.68743678,,,,,
2.49528,7.17088988,39.7131295,0.124244875,0.68743678,,,,,
2.4954,7.17088988,39.7131295,0.124244875,0.68743678,,,,,
2.49552,7.17088988,39.7131295,0.124244875,0.68743678,,,,,
2.49564,7.17088988,39.7131295,0.124244875,0.68743678,,,,,
2.49576,7.17088988,39.7131295,0.124244875,0.68743678,,,,,
2.49588,7.170905226,39.71312771,0.124246758,0.68744726,,,,,
2.496,7.170905226,39.71312771,0.124246758,0.68744726,,,,,
2.49612,7.170905226,39.71312771,0.124246758,0.68744726,,,,,
2.49624,7.170905226,39.71312771,0.124246758,0.68744726,,,,,
2.49636,7.170905226,39.71312771,0.124246758,0.68744726,,,,,
2.49648,7.170905226,39.71312771,0.124246758,0.68744726,,,,,
2.4966,7.170905226,39.71312771,0.124246758,0.68744726,,,,,
2.49672,7.170905226,39.71312771,0.124246758,0.68744726,,,,,
2.49684,7.170905226,39.71312771,0.124246758,0.68744726,,,,,
2.49696,7.170899754,39.71312684,0.12424782,0.68745315,,,,,
2.49708,7.170899754,39.71312684,0.12424782,0.68745315,,,,,
2.4972,7.170899754,39.71312684,0.12424782,0.68745315,,,,,
2.49732,7.170899754,39.71312684,0.12424782,0.68745315,,,,,
2.49744,7.170899754,39.71312684,0.12424782,0.68745315,,,,,
2.49756,7.170899754,39.71312684,0.12424782,0.68745315,,,,,
2.49768,7.170899754,39.71312684,0.12424782,0.68745315,,,,,
2.4978,7.170899754,39.71312684,0.12424782,0.68745315,,,,,
2.49792,7.170949437,39.71312854,0.124246267,0.687444583,,,,,
2.49804,7.170949437,39.71312854,0.124246267,0.687444583,,,,,
2.49816,7.170949437,39.71312854,0.124246267,0.687444583,,,,,
2.49828,7.170949437,39.71312854,0.124246267,0.687444583,,,,,
2.4984,7.170949437,39.71312854,0.124246267,0.687444583,,,,,
2.49852,7.170949437,39.71312854,0.124246267,0.687444583,,,,,
2.49864,7.170949437,39.71312854,0.124246267,0.687444583,,,,,
2.49876,7.170949437,39.71312854,0.124246267,0.687444583,,,,,
2.49888,7.170949437,39.71312854,0.124246267,0.687444583,,,,,
2.499,7.171040054,39.71313663,0.124238194,0.687399981,,,,,
2.49912,7.171040054,39.71313663,0.124238194,0.687399981,,,,,
2.49924,7.171040054,39.71313663,0.124238194,0.687399981,,,,,
2.49936,7.171040054,39.71313663,0.124238194,0.687399981,,,,,
2.49948,7.171040054,39.71313663,0.124238194,0.687399981,,,,,
2.4996,7.171040054,39.71313663,0.124238194,0.687399981,,,,,
2.49972,7.171040054,39.71313663,0.124238194,0.687399981,,,,,
2.49984,7.171040054,39.71313663,0.124238194,0.687399981,,,,,
2.49996,7.171040054,39.71313663,0.124238194,0.687399981,,,,,
2.5000005,7.170998254,39.71314657,0.124227962,0.687343594,,,,,
 , , , , ,,,,,
